0.0,0.00065963060686,0.993093848228
0.0,0.0065963060686,0.9396494627
0.000344589937974,0.0065963060686,0.92781484127
0.000344589937974,0.0105540897098,0.905020594597
0.000689179875948,0.0105540897098,0.902575671673
0.000689179875948,0.0118733509235,0.886005222797
0.0013783597519,0.0118733509235,0.880579292774
0.0013783597519,0.0257255936675,0.777857005596
0.00172294968987,0.0257255936675,0.777420938015
0.00172294968987,0.0277044854881,0.759211480618
0.00206753962784,0.0277044854881,0.75624102354
0.00206753962784,0.0356200527704,0.727780461311
0.00241212956582,0.0356200527704,0.727277040482
0.00241212956582,0.0422163588391,0.694216012955
0.00275671950379,0.0422163588391,0.693590521812
0.00275671950379,0.0441952506596,0.681166410446
0.00310130944176,0.0441952506596,0.681068897247
0.00310130944176,0.0514511873351,0.666828513145
0.00344589937974,0.0514511873351,0.665791451931
0.00344589937974,0.0593667546174,0.657797515392
0.00379048931771,0.0593667546174,0.656804442406
0.00379048931771,0.0606860158311,0.653510570526
0.00413507925569,0.0606860158311,0.650737404823
0.00413507925569,0.0633245382586,0.649125933647
0.00447966919366,0.0633245382586,0.646436870098
0.00447966919366,0.0646437994723,0.643487036228
0.00516884906961,0.0646437994723,0.642519235611
0.00516884906961,0.0666226912929,0.638669013977
0.00551343900758,0.0666226912929,0.638512194157
0.00551343900758,0.0692612137203,0.635342895985
0.00585802894555,0.0692612137203,0.635042011738
0.00585802894555,0.0699208443272,0.63456517458
0.0065472088215,0.0699208443272,0.632311999798
0.0065472088215,0.0718997361478,0.628580331802
0.00723638869745,0.0718997361478,0.6279515028
0.00723638869745,0.0732189973615,0.627052903175
0.00758097863542,0.0732189973615,0.624373376369
0.00758097863542,0.0784960422164,0.61837041378
0.0079255685734,0.0784960422164,0.617413282394
0.0079255685734,0.0798153034301,0.616487681866
0.00827015851137,0.0798153034301,0.616279542446
0.00827015851137,0.0817941952507,0.613712251186
0.00861474844935,0.0817941952507,0.61269402504
0.00861474844935,0.0844327176781,0.609906315804
0.00895933838732,0.0844327176781,0.60971570015
0.00895933838732,0.0864116094987,0.605870306492
0.00930392832529,0.0864116094987,0.604464948177
0.00930392832529,0.0883905013193,0.602439522743
0.0117160578911,0.0883905013193,0.597819149494
0.0117160578911,0.0910290237467,0.596427619457
0.0120606478291,0.0910290237467,0.596235513687
0.0120606478291,0.0916886543536,0.59414511919
0.0124052377671,0.0916886543536,0.593146920204
0.0124052377671,0.0923482849604,0.592589020729
0.012749827705,0.0923482849604,0.592224597931
0.012749827705,0.0936675461741,0.590289056301
0.013439007581,0.0936675461741,0.590136766434
0.013439007581,0.0982849604222,0.584506094456
0.013783597519,0.0982849604222,0.581891655922
0.013783597519,0.098944591029,0.581115067005
0.0141281874569,0.098944591029,0.580780744553
0.0141281874569,0.0996042216359,0.580545723438
0.0144727773949,0.0996042216359,0.580312669277
0.0144727773949,0.101583113456,0.578453302383
0.0151619572708,0.101583113456,0.57818621397
0.0151619572708,0.105540897098,0.575186371803
0.0155065472088,0.105540897098,0.574543714523
0.0155065472088,0.108839050132,0.569532811642
0.0165403170227,0.108839050132,0.56845086813
0.0165403170227,0.111477572559,0.565915763378
0.0168849069607,0.111477572559,0.565115630627
0.0168849069607,0.114116094987,0.561747789383
0.0172294968987,0.114116094987,0.561585485935
0.0172294968987,0.117414248021,0.559109568596
0.0179186767746,0.117414248021,0.558740496635
0.0179186767746,0.122031662269,0.556400716305
0.0182632667126,0.122031662269,0.5563570261
0.0182632667126,0.123350923483,0.555233478546
0.0186078566506,0.123350923483,0.5544911623
0.0186078566506,0.124670184697,0.552988111973
0.0196416264645,0.124670184697,0.552310049534
0.0196416264645,0.128627968338,0.549378097057
0.0199862164025,0.128627968338,0.548302710056
0.0199862164025,0.129287598945,0.547679007053
0.0210199862164,0.129287598945,0.547054052353
0.0210199862164,0.131926121372,0.546542584896
0.0213645761544,0.131926121372,0.546210050583
0.0213645761544,0.134564643799,0.544366240501
0.0217091660924,0.134564643799,0.544264554977
0.0217091660924,0.141820580475,0.538865208626
0.0220537560303,0.141820580475,0.538639008999
0.0220537560303,0.143799472296,0.537254691124
0.0227429359063,0.143799472296,0.537069320679
0.0227429359063,0.151055408971,0.531984627247
0.0237767057202,0.151055408971,0.531070649624
0.0237767057202,0.152374670185,0.529720723629
0.0244658855961,0.152374670185,0.529103398323
0.0244658855961,0.153034300792,0.529050469398
0.0248104755341,0.153034300792,0.528612017632
0.0248104755341,0.153693931398,0.526663720608
0.0251550654721,0.153693931398,0.526030480862
0.0251550654721,0.156332453826,0.525232434273
0.0254996554101,0.156332453826,0.525036633015
0.0254996554101,0.15765171504,0.524154245853
0.025844245348,0.15765171504,0.52393245697
0.025844245348,0.161609498681,0.519185125828
0.026188835286,0.161609498681,0.51901614666
0.026188835286,0.164248021108,0.514173686504
0.026878015162,0.164248021108,0.513342499733
0.026878015162,0.169525065963,0.510843873024
0.0272226050999,0.169525065963,0.510283648968
0.0272226050999,0.17018469657,0.51013982296
0.0275671950379,0.17018469657,0.509975612164
0.0275671950379,0.170844327177,0.509464561939
0.0279117849759,0.170844327177,0.509314775467
0.0279117849759,0.172163588391,0.509014427662
0.0289455547898,0.172163588391,0.50781327486
0.0289455547898,0.172823218997,0.507804214954
0.0296347346657,0.172823218997,0.507275640965
0.0296347346657,0.177440633245,0.505561292171
0.0299793246037,0.177440633245,0.505411028862
0.0299793246037,0.179419525066,0.504533171654
0.0303239145417,0.179419525066,0.504398822784
0.0303239145417,0.187335092348,0.50195068121
0.0306685044797,0.187335092348,0.501794219017
0.0306685044797,0.187994722955,0.501278877258
0.0310130944176,0.187994722955,0.500455081463
0.0310130944176,0.188654353562,0.500107347965
0.0313576843556,0.188654353562,0.499037384987
0.0313576843556,0.191292875989,0.498108178377
0.0317022742936,0.191292875989,0.498088240623
0.0317022742936,0.191952506596,0.497898638248
0.0320468642316,0.191952506596,0.497555166483
0.0320468642316,0.19327176781,0.496842294931
0.0323914541695,0.19327176781,0.49677169323
0.0323914541695,0.194591029024,0.496698498726
0.0330806340455,0.194591029024,0.495746970177
0.0330806340455,0.196569920844,0.495480626822
0.0334252239835,0.196569920844,0.495320647955
0.0334252239835,0.206464379947,0.487756729126
0.0337698139214,0.206464379947,0.487640023232
0.0337698139214,0.207783641161,0.485970169306
0.0341144038594,0.207783641161,0.485310852528
0.0341144038594,0.211081794195,0.484421223402
0.0344589937974,0.211081794195,0.484162867069
0.0344589937974,0.213060686016,0.483112156391
0.0348035837354,0.213060686016,0.483059823513
0.0348035837354,0.219656992084,0.48105058074
0.0351481736733,0.219656992084,0.481014370918
0.0351481736733,0.220316622691,0.480823934078
0.0354927636113,0.220316622691,0.480442672968
0.0354927636113,0.224274406332,0.478501826525
0.0358373535493,0.224274406332,0.478500306606
0.0358373535493,0.227572559367,0.477545917034
0.0361819434873,0.227572559367,0.477301985025
0.0361819434873,0.22889182058,0.47668287158
0.0365265334252,0.22889182058,0.476538211107
0.0365265334252,0.231530343008,0.475683391094
0.0368711233632,0.231530343008,0.475361198187
0.0368711233632,0.232189973615,0.47509521246
0.0372157133012,0.232189973615,0.474749654531
0.0372157133012,0.232849604222,0.474470824003
0.0382494831151,0.232849604222,0.474127113819
0.0382494831151,0.235488126649,0.473481267691
0.038938662991,0.235488126649,0.472737312317
0.038938662991,0.236147757256,0.472719281912
0.039627842867,0.236147757256,0.471712678671
0.039627842867,0.240105540897,0.468891084194
0.0403170227429,0.240105540897,0.468641966581
0.0403170227429,0.240765171504,0.468509376049
0.0406616126809,0.240765171504,0.468506664038
0.0406616126809,0.243403693931,0.467277139425
0.0416953824948,0.243403693931,0.466774433851
0.0416953824948,0.244063324538,0.466539442539
0.0420399724328,0.244063324538,0.466205120087
0.0420399724328,0.246701846966,0.464984983206
0.0427291523088,0.246701846966,0.463806778193
0.0427291523088,0.248680738786,0.462919771671
0.0430737422467,0.248680738786,0.462730586529
0.0430737422467,0.249340369393,0.462297350168
0.0434183321847,0.249340369393,0.462027072906
0.0434183321847,0.250659630607,0.46161916852
0.0437629221227,0.250659630607,0.460871905088
0.0437629221227,0.253298153034,0.45991230011
0.0441075120606,0.253298153034,0.459795385599
0.0441075120606,0.254617414248,0.459693938494
0.0444521019986,0.254617414248,0.459389865398
0.0444521019986,0.257255936675,0.458723545074
0.0451412818746,0.257255936675,0.458588987589
0.0451412818746,0.258575197889,0.458407521248
0.0454858718125,0.258575197889,0.458285987377
0.0454858718125,0.259234828496,0.458262324333
0.0461750516885,0.259234828496,0.457894861698
0.0461750516885,0.26055408971,0.456988155842
0.0465196416265,0.26055408971,0.456848472357
0.0465196416265,0.261213720317,0.455802887678
0.0468642315644,0.261213720317,0.455230653286
0.0468642315644,0.265171503958,0.454355239868
0.0472088215024,0.265171503958,0.45433267951
0.0472088215024,0.265831134565,0.454264551401
0.0478980013784,0.265831134565,0.453917711973
0.0478980013784,0.267150395778,0.453502684832
0.0492763611303,0.267150395778,0.452784538269
0.0492763611303,0.267810026385,0.452279955149
0.0499655410062,0.267810026385,0.45218077302
0.0499655410062,0.268469656992,0.451295286417
0.0509993108201,0.268469656992,0.450344949961
0.0509993108201,0.269129287599,0.449895828962
0.0513439007581,0.269129287599,0.449345618486
0.0513439007581,0.27110817942,0.448845297098
0.0516884906961,0.27110817942,0.448752462864
0.0516884906961,0.272427440633,0.448586553335
0.052033080634,0.272427440633,0.44857648015
0.052033080634,0.275065963061,0.448127388954
0.052377670572,0.275065963061,0.447950333357
0.052377670572,0.275725593668,0.447860360146
0.053066850448,0.275725593668,0.447223842144
0.053066850448,0.278364116095,0.446743637323
0.0537560303239,0.278364116095,0.446309387684
0.0537560303239,0.279023746702,0.445958733559
0.0541006202619,0.279023746702,0.445083111525
0.0541006202619,0.284300791557,0.444061607122
0.0544452101999,0.284300791557,0.443837046623
0.0544452101999,0.284960422164,0.443776220083
0.0551343900758,0.284960422164,0.443415343761
0.0551343900758,0.286279683377,0.44323053956
0.0554789800138,0.286279683377,0.443176418543
0.0554789800138,0.287598944591,0.442970335484
0.0561681598897,0.287598944591,0.44225743413
0.0561681598897,0.288258575198,0.442049264908
0.0575465196416,0.288258575198,0.441422700882
0.0575465196416,0.288918205805,0.441412478685
0.0578911095796,0.288918205805,0.441218942404
0.0578911095796,0.290237467018,0.440562874079
0.0585802894555,0.290237467018,0.440382242203
0.0585802894555,0.292216358839,0.439949005842
0.0589248793935,0.292216358839,0.439876556396
0.0589248793935,0.292875989446,0.439779609442
0.0592694693315,0.292875989446,0.439662337303
0.0592694693315,0.295514511873,0.438924819231
0.0599586492074,0.295514511873,0.438396662474
0.0599586492074,0.298153034301,0.437783062458
0.0606478290834,0.298153034301,0.437479048967
0.0606478290834,0.304749340369,0.435397773981
0.0613370089593,0.304749340369,0.435000360012
0.0613370089593,0.308707124011,0.433942705393
0.0616815988973,0.308707124011,0.433941185474
0.0616815988973,0.310026385224,0.433199614286
0.0623707787733,0.310026385224,0.432839691639
0.0623707787733,0.310686015831,0.432812541723
0.0630599586492,0.310686015831,0.432230353355
0.0630599586492,0.312005277045,0.432137846947
0.0637491385252,0.312005277045,0.43195182085
0.0637491385252,0.313324538259,0.431894719601
0.065816678153,0.313324538259,0.431297540665
0.065816678153,0.314643799472,0.43119263649
0.066161268091,0.314643799472,0.43111127615
0.066161268091,0.315303430079,0.431090712547
0.0678842177808,0.315303430079,0.430343925953
0.0678842177808,0.322559366755,0.428734242916
0.0685733976568,0.322559366755,0.428568601608
0.0685733976568,0.323218997361,0.428422898054
0.0689179875948,0.323218997361,0.428392201662
0.0689179875948,0.323878627968,0.42818069458
0.0692625775327,0.323878627968,0.42804518342
0.0692625775327,0.326517150396,0.427785784006
0.0696071674707,0.326517150396,0.427556455135
0.0696071674707,0.327176781003,0.427302777767
0.0699517574087,0.327176781003,0.427263736725
0.0699517574087,0.328496042216,0.426895707846
0.0702963473467,0.328496042216,0.426869899035
0.0702963473467,0.32981530343,0.426427662373
0.0713301171606,0.32981530343,0.425438821316
0.0713301171606,0.335092348285,0.423490911722
0.0730530668504,0.335092348285,0.422661662102
0.0730530668504,0.336411609499,0.422276973724
0.0744314266023,0.336411609499,0.421441167593
0.0744314266023,0.34036939314,0.420127719641
0.0751206064783,0.34036939314,0.420042723417
0.0751206064783,0.341029023747,0.419937759638
0.0754651964163,0.341029023747,0.419838488102
0.0754651964163,0.343007915567,0.419579654932
0.0761543762922,0.343007915567,0.419215768576
0.0761543762922,0.344327176781,0.418984174728
0.0771881461061,0.344327176781,0.418558746576
0.0771881461061,0.344986807388,0.418472021818
0.0778773259821,0.344986807388,0.41824015975
0.0778773259821,0.346306068602,0.417998343706
0.0782219159201,0.346306068602,0.417816787958
0.0782219159201,0.347625329815,0.417717248201
0.078566505858,0.347625329815,0.417647004128
0.078566505858,0.349604221636,0.416968941689
0.078911095796,0.349604221636,0.41688862443
0.078911095796,0.351583113456,0.416680604219
0.079255685734,0.351583113456,0.416476488113
0.079255685734,0.354881266491,0.415656477213
0.079600275672,0.354881266491,0.415369212627
0.079600275672,0.356200527704,0.415237814188
0.0806340454859,0.356200527704,0.414528876543
0.0806340454859,0.356860158311,0.414523750544
0.0813232253618,0.356860158311,0.414294719696
0.0813232253618,0.357519788918,0.414194434881
0.0816678152998,0.357519788918,0.413864016533
0.0816678152998,0.362137203166,0.412803083658
0.0823569951757,0.362137203166,0.412648439407
0.0823569951757,0.362796833773,0.412033289671
0.0830461750517,0.362796833773,0.411824971437
0.0830461750517,0.36345646438,0.411808401346
0.0858028945555,0.36345646438,0.410795331001
0.0858028945555,0.364775725594,0.410605430603
0.0861474844935,0.364775725594,0.410602837801
0.0861474844935,0.366094986807,0.410413384438
0.0868366643694,0.366094986807,0.410220444202
0.0868366643694,0.370052770449,0.409535139799
0.0871812543074,0.370052770449,0.409355014563
0.0871812543074,0.372031662269,0.408611118793
0.0882150241213,0.372031662269,0.408231079578
0.0882150241213,0.372691292876,0.408220499754
0.0885596140593,0.372691292876,0.408216446638
0.0885596140593,0.377308707124,0.407364577055
0.0892487939352,0.377308707124,0.407199084759
0.0892487939352,0.377968337731,0.407066166401
0.0899379738112,0.377968337731,0.40677857399
0.0899379738112,0.379287598945,0.4066824615
0.0906271536871,0.379287598945,0.406651943922
0.0906271536871,0.379947229551,0.406418025494
0.0909717436251,0.379947229551,0.40623190999
0.0909717436251,0.381266490765,0.405913412571
0.0913163335631,0.381266490765,0.405751228333
0.0913163335631,0.382585751979,0.405521571636
0.092694693315,0.382585751979,0.405422538519
0.092694693315,0.384564643799,0.405161261559
0.0930392832529,0.384564643799,0.405144751072
0.0930392832529,0.38654353562,0.405014783144
0.0933838731909,0.38654353562,0.404874682426
0.0933838731909,0.387862796834,0.404290050268
0.0940730530669,0.387862796834,0.403438657522
0.0940730530669,0.388522427441,0.402997404337
0.0944176430048,0.388522427441,0.402945637703
0.0944176430048,0.389182058047,0.4027556777
0.0947622329428,0.389182058047,0.402730107307
0.0947622329428,0.389841688654,0.402398437262
0.0951068228808,0.389841688654,0.402137726545
0.0951068228808,0.391160949868,0.401597499847
0.0964851826327,0.391160949868,0.401101380587
0.0964851826327,0.392480211082,0.400921732187
0.0975189524466,0.392480211082,0.400835394859
0.0975189524466,0.393799472296,0.400678724051
0.0978635423846,0.393799472296,0.400498062372
0.0978635423846,0.394459102902,0.400430083275
0.0982081323225,0.394459102902,0.400273770094
0.0982081323225,0.395118733509,0.400161206722
0.0985527222605,0.395118733509,0.400101155043
0.0985527222605,0.399736147757,0.399242430925
0.0992419021365,0.399736147757,0.398998498917
0.0992419021365,0.400395778364,0.3986761868
0.0995864920744,0.400395778364,0.398648619652
0.0995864920744,0.402374670185,0.398354172707
0.100620261888,0.402374670185,0.398034065962
0.100620261888,0.403693931398,0.397943079472
0.101309441764,0.403693931398,0.39784771204
0.101309441764,0.404353562005,0.39768999815
0.101654031702,0.404353562005,0.397671639919
0.101654031702,0.405013192612,0.397650778294
0.10199862164,0.405013192612,0.397486060858
0.10199862164,0.40765171504,0.397284090519
0.102687801516,0.40765171504,0.396913021803
0.102687801516,0.408311345646,0.396671682596
0.103032391454,0.408311345646,0.396638721228
0.103032391454,0.40963060686,0.396519720554
0.103376981392,0.40963060686,0.396235913038
0.103376981392,0.410949868074,0.396105349064
0.104410751206,0.410949868074,0.395858168602
0.104410751206,0.412928759894,0.395312011242
0.104755341144,0.412928759894,0.395113319159
0.104755341144,0.413588390501,0.39511230588
0.10544452102,0.413588390501,0.3947737813
0.10544452102,0.414248021108,0.394757121801
0.106133700896,0.414248021108,0.394617915154
0.106133700896,0.414907651715,0.394599437714
0.106478290834,0.414907651715,0.394583553076
0.106478290834,0.416226912929,0.394202142954
0.10716747071,0.416226912929,0.394165575504
0.10716747071,0.418205804749,0.393867909908
0.108201240524,0.418205804749,0.393289446831
0.108201240524,0.42018469657,0.393085420132
0.108545830462,0.42018469657,0.393070787191
0.108545830462,0.420844327177,0.392867565155
0.109235010338,0.420844327177,0.392859876156
0.109235010338,0.424802110818,0.391951978207
0.109579600276,0.424802110818,0.391815394163
0.109579600276,0.427440633245,0.391154110432
0.109924190214,0.427440633245,0.391126126051
0.109924190214,0.428100263852,0.390714883804
0.11061337009,0.428100263852,0.390547633171
0.11061337009,0.429419525066,0.390205651522
0.110957960028,0.429419525066,0.390155315399
0.110957960028,0.430079155673,0.389923781157
0.111302549966,0.430079155673,0.389910370111
0.111302549966,0.433377308707,0.389416307211
0.111647139904,0.433377308707,0.389406979084
0.111647139904,0.436015831135,0.389166295528
0.112336319779,0.436015831135,0.389139682055
0.112336319779,0.437994722955,0.388987064362
0.112680909717,0.437994722955,0.388927876949
0.112680909717,0.438654353562,0.388909399509
0.113025499655,0.438654353562,0.388893991709
0.113025499655,0.440633245383,0.388351261616
0.114403859407,0.440633245383,0.387730568647
0.114403859407,0.441952506596,0.387611061335
0.115093039283,0.441952506596,0.387566208839
0.115093039283,0.442612137203,0.387485772371
0.115437629221,0.442612137203,0.387315660715
0.115437629221,0.443931398417,0.387256294489
0.115782219159,0.443931398417,0.387248367071
0.115782219159,0.444591029024,0.387243449688
0.116126809097,0.444591029024,0.386884242296
0.116126809097,0.445910290237,0.386775046587
0.116815988973,0.445910290237,0.386626243591
0.116815988973,0.446569920844,0.386478483677
0.117160578911,0.446569920844,0.386072218418
0.117160578911,0.448548812665,0.385905265808
0.117849758787,0.448548812665,0.385594904423
0.117849758787,0.451846965699,0.38506925106
0.118538938663,0.451846965699,0.384793162346
0.118538938663,0.453166226913,0.384563058615
0.119228118539,0.453166226913,0.384501993656
0.119228118539,0.45382585752,0.384369939566
0.119572708477,0.45382585752,0.384174913168
0.119572708477,0.454485488127,0.384045034647
0.119917298415,0.454485488127,0.383811116219
0.119917298415,0.455145118734,0.383808791637
0.120606478291,0.455145118734,0.38376763463
0.120606478291,0.45580474934,0.383486330509
0.120951068229,0.45580474934,0.383439600468
0.120951068229,0.457783641161,0.383259773254
0.121295658167,0.457783641161,0.382560670376
0.121295658167,0.458443271768,0.382379412651
0.121640248105,0.458443271768,0.382201522589
0.121640248105,0.459762532982,0.381834536791
0.122674017919,0.459762532982,0.381108254194
0.122674017919,0.461081794195,0.380971819162
0.123707787733,0.461081794195,0.38074490428
0.123707787733,0.463060686016,0.380630105734
0.124052377671,0.463060686016,0.380394548178
0.124052377671,0.46437994723,0.380255967379
0.125086147484,0.46437994723,0.380092978477
0.125086147484,0.465039577836,0.379828929901
0.125430737422,0.465039577836,0.379782646894
0.125430737422,0.46635883905,0.379434525967
0.126119917298,0.46635883905,0.379341870546
0.126119917298,0.467018469657,0.379275947809
0.126464507236,0.467018469657,0.379270017147
0.126464507236,0.467678100264,0.378960937262
0.127842866988,0.467678100264,0.378475189209
0.127842866988,0.468337730871,0.378315836191
0.128187456926,0.468337730871,0.377851486206
0.128187456926,0.470316622691,0.377580225468
0.128532046864,0.470316622691,0.377193242311
0.128532046864,0.471635883905,0.377089262009
0.128876636802,0.471635883905,0.377062320709
0.128876636802,0.472295514512,0.376952588558
0.129910406616,0.472295514512,0.376550376415
0.129910406616,0.474934036939,0.375846982002
0.130254996554,0.474934036939,0.375826001167
0.130254996554,0.475593667546,0.3756980896
0.13094417643,0.475593667546,0.375283926725
0.13094417643,0.47691292876,0.375125020742
0.131633356306,0.47691292876,0.374838680029
0.131633356306,0.477572559367,0.374687463045
0.131977946244,0.477572559367,0.374670356512
0.131977946244,0.478232189974,0.374486356974
0.132322536182,0.478232189974,0.374455243349
0.132322536182,0.47889182058,0.374408602715
0.133011716058,0.47889182058,0.374136209488
0.133011716058,0.479551451187,0.374084770679
0.133356305996,0.479551451187,0.374071270227
0.133356305996,0.480211081794,0.374025911093
0.13439007581,0.480211081794,0.373617559671
0.13439007581,0.482189973615,0.373421788216
0.1361130255,0.482189973615,0.372860968113
0.1361130255,0.482849604222,0.372793525457
0.136457615438,0.482849604222,0.372787773609
0.136457615438,0.483509234828,0.372779250145
0.136802205376,0.483509234828,0.372650504112
0.136802205376,0.486147757256,0.37239536643
0.137146795314,0.486147757256,0.372273147106
0.137146795314,0.48746701847,0.372233390808
0.138180565127,0.48746701847,0.372044354677
0.138180565127,0.488126649077,0.371868103743
0.138525155065,0.488126649077,0.371636450291
0.138525155065,0.488786279683,0.371569424868
0.139558924879,0.488786279683,0.371403813362
0.139558924879,0.48944591029,0.370938688517
0.139903514817,0.48944591029,0.370758086443
0.139903514817,0.490765171504,0.370131701231
0.140592694693,0.490765171504,0.36975467205
0.140592694693,0.493403693931,0.369632512331
0.141971054445,0.493403693931,0.369502007961
0.141971054445,0.495382585752,0.368822425604
0.143004824259,0.495382585752,0.368535041809
0.143004824259,0.496042216359,0.368512928486
0.144038594073,0.496042216359,0.368270426989
0.144038594073,0.496701846966,0.368210554123
0.144727773949,0.496701846966,0.368077218533
0.144727773949,0.498680738786,0.367884427309
0.146106133701,0.498680738786,0.367661714554
0.146106133701,0.499340369393,0.367656171322
0.146795313577,0.499340369393,0.367322087288
0.146795313577,0.5,0.367253988981
0.147139903515,0.5,0.36716157198
0.147139903515,0.500659630607,0.366998761892
0.147484493453,0.500659630607,0.366499513388
0.147484493453,0.501978891821,0.366492390633
0.147829083391,0.501978891821,0.366342961788
0.147829083391,0.506596306069,0.365198433399
0.149552033081,0.506596306069,0.364883422852
0.149552033081,0.507255936675,0.364875465631
0.149896623019,0.507255936675,0.364840179682
0.149896623019,0.507915567282,0.364819228649
0.150241212957,0.507915567282,0.364792376757
0.150241212957,0.508575197889,0.364637464285
0.151274982771,0.508575197889,0.364347904921
0.151274982771,0.509234828496,0.364158928394
0.152653342522,0.509234828496,0.363677531481
0.152653342522,0.509894459103,0.363640844822
0.15299793246,0.509894459103,0.363534450531
0.15299793246,0.51055408971,0.363402038813
0.154031702274,0.51055408971,0.3630823493
0.154031702274,0.513192612137,0.362374842167
0.15472088215,0.513192612137,0.362106949091
0.15472088215,0.513852242744,0.361996918917
0.155065472088,0.513852242744,0.361868798733
0.155065472088,0.516490765172,0.361259043217
0.155410062026,0.516490765172,0.361206948757
0.155410062026,0.519129287599,0.360682457685
0.155754651964,0.519129287599,0.360202640295
0.155754651964,0.519788918206,0.360096335411
0.156788421778,0.519788918206,0.359862983227
0.156788421778,0.520448548813,0.359851449728
0.157477601654,0.520448548813,0.359660565853
0.157477601654,0.522427440633,0.359331995249
0.15816678153,0.522427440633,0.359148472548
0.15816678153,0.52308707124,0.359083712101
0.158511371468,0.52308707124,0.35901504755
0.158511371468,0.523746701847,0.358915776014
0.158855961406,0.523746701847,0.35880073905
0.158855961406,0.525065963061,0.358532130718
0.15988973122,0.525065963061,0.358174949884
0.15988973122,0.529023746702,0.357776045799
0.16161268091,0.529023746702,0.357545733452
0.16161268091,0.529683377309,0.357530802488
0.162301860786,0.529683377309,0.357515573502
0.162301860786,0.530343007916,0.357341438532
0.163680220538,0.530343007916,0.356477946043
0.163680220538,0.534300791557,0.355754941702
0.165058580289,0.534300791557,0.355449527502
0.165058580289,0.534960422164,0.355140924454
0.165403170227,0.534960422164,0.355099737644
0.165403170227,0.538258575198,0.354543358088
0.167815299793,0.538258575198,0.353734076023
0.167815299793,0.540237467018,0.353584647179
0.168159889731,0.540237467018,0.353446096182
0.168159889731,0.540897097625,0.353280723095
0.168849069607,0.540897097625,0.353136211634
0.168849069607,0.541556728232,0.352914392948
0.169193659545,0.541556728232,0.352821141481
0.169193659545,0.542216358839,0.352707982063
0.169882839421,0.542216358839,0.352532863617
0.169882839421,0.54419525066,0.352288812399
0.170916609235,0.54419525066,0.352153867483
0.170916609235,0.544854881266,0.35206708312
0.171261199173,0.544854881266,0.351951122284
0.171261199173,0.548812664908,0.351192444563
0.171605789111,0.548812664908,0.351188212633
0.171605789111,0.550791556728,0.35097527504
0.171950379049,0.550791556728,0.350910127163
0.171950379049,0.551451187335,0.350811928511
0.172984148863,0.551451187335,0.35072311759
0.172984148863,0.552110817942,0.350552678108
0.173328738801,0.552110817942,0.35034263134
0.173328738801,0.552770448549,0.350286573172
0.174017918677,0.552770448549,0.349886417389
0.174017918677,0.556068601583,0.349444776773
0.174707098553,0.556068601583,0.349332034588
0.174707098553,0.55672823219,0.349319458008
0.175396278429,0.55672823219,0.349287122488
0.175396278429,0.557387862797,0.3491538167
0.175740868367,0.557387862797,0.34897723794
0.175740868367,0.558047493404,0.348890125751
0.176085458305,0.558047493404,0.348739326
0.176085458305,0.558707124011,0.348673522472
0.176774638181,0.558707124011,0.348494797945
0.176774638181,0.559366754617,0.348099440336
0.177119228119,0.559366754617,0.347723484039
0.177119228119,0.561345646438,0.347389310598
0.177808407994,0.561345646438,0.347170054913
0.177808407994,0.562664907652,0.347013145685
0.178152997932,0.562664907652,0.34677451849
0.178152997932,0.563324538259,0.346744894981
0.17849758787,0.563324538259,0.346701234579
0.17849758787,0.563984168865,0.346559882164
0.178842177808,0.563984168865,0.346556186676
0.178842177808,0.565303430079,0.346469789743
0.179186767746,0.565303430079,0.346443206072
0.179186767746,0.567941952507,0.346119105816
0.179531357684,0.567941952507,0.346092551947
0.179531357684,0.569920844327,0.34601983428
0.179875947622,0.569920844327,0.345973521471
0.179875947622,0.571240105541,0.345903277397
0.180565127498,0.571240105541,0.345756232738
0.180565127498,0.571899736148,0.345527023077
0.180909717436,0.571899736148,0.34552103281
0.180909717436,0.572559366755,0.34549665451
0.181254307374,0.572559366755,0.345469623804
0.181254307374,0.573218997361,0.345442265272
0.18194348725,0.573218997361,0.345321655273
0.18194348725,0.573878627968,0.345304220915
0.182288077188,0.573878627968,0.345287948847
0.182288077188,0.574538258575,0.345244497061
0.18366643694,0.574538258575,0.344711095095
0.18366643694,0.576517150396,0.344447433949
0.185044796692,0.576517150396,0.344406634569
0.185044796692,0.577176781003,0.344278931618
0.186078566506,0.577176781003,0.344209671021
0.186078566506,0.579155672823,0.344015538692
0.189524465886,0.579155672823,0.342873454094
0.189524465886,0.57981530343,0.342822790146
0.189869055824,0.57981530343,0.342628151178
0.189869055824,0.581134564644,0.34245300293
0.190213645762,0.581134564644,0.342449784279
0.190213645762,0.582453825858,0.341950118542
0.190902825637,0.582453825858,0.341588526964
0.190902825637,0.583113456464,0.341478288174
0.191247415575,0.583113456464,0.341275602579
0.191247415575,0.583773087071,0.341272234917
0.192281185389,0.583773087071,0.341013461351
0.192281185389,0.585092348285,0.340861588717
0.192970365265,0.585092348285,0.340686172247
0.192970365265,0.585751978892,0.340597987175
0.193659545141,0.585751978892,0.34055134654
0.193659545141,0.586411609499,0.34046253562
0.194348725017,0.586411609499,0.340293288231
0.194348725017,0.589709762533,0.339721262455
0.195037904893,0.589709762533,0.33949765563
0.195037904893,0.591688654354,0.339121162891
0.195382494831,0.591688654354,0.339103162289
0.195382494831,0.59234828496,0.339037328959
0.197105444521,0.59234828496,0.338377565145
0.197105444521,0.593007915567,0.338308006525
0.197794624397,0.593007915567,0.338267564774
0.197794624397,0.593667546174,0.338126689196
0.198828394211,0.593667546174,0.338025391102
0.198828394211,0.594327176781,0.338021606207
0.199172984149,0.594327176781,0.338004231453
0.199172984149,0.595646437995,0.33782222867
0.200206753963,0.595646437995,0.33753529191
0.200206753963,0.596306068602,0.337528556585
0.200895933839,0.596306068602,0.337425500154
0.200895933839,0.596965699208,0.337309598923
0.202618883529,0.596965699208,0.337001502514
0.202618883529,0.597625329815,0.336955666542
0.203652653343,0.597625329815,0.336574494839
0.203652653343,0.598284960422,0.336496680975
0.204341833218,0.598284960422,0.336329013109
0.204341833218,0.598944591029,0.336325615644
0.204686423156,0.598944591029,0.336075037718
0.204686423156,0.600263852243,0.336059063673
0.208821502412,0.600263852243,0.335033625364
0.208821502412,0.60092348285,0.334833413363
0.209510682288,0.60092348285,0.334560930729
0.209510682288,0.603562005277,0.334421724081
0.209855272226,0.603562005277,0.334420979023
0.209855272226,0.604221635884,0.334330409765
0.210199862164,0.604221635884,0.334313839674
0.210199862164,0.604881266491,0.334313184023
0.210544452102,0.604881266491,0.334258586168
0.210544452102,0.606200527704,0.334136456251
0.211578221916,0.606200527704,0.333815842867
0.211578221916,0.607519788918,0.333653748035
0.211922811854,0.607519788918,0.3335929811
0.211922811854,0.608179419525,0.333495438099
0.212267401792,0.608179419525,0.333248496056
0.212267401792,0.609498680739,0.333070188761
0.212956581668,0.609498680739,0.332817554474
0.212956581668,0.610158311346,0.332816332579
0.213301171606,0.610158311346,0.332727283239
0.213301171606,0.61345646438,0.332419365644
0.21433494142,0.61345646438,0.332224518061
0.21433494142,0.614775725594,0.331765323877
0.21605789111,0.614775725594,0.331255793571
0.21605789111,0.615435356201,0.331118434668
0.217436250861,0.615435356201,0.330879807472
0.217436250861,0.617414248021,0.330744504929
0.218125430737,0.617414248021,0.330688357353
0.218125430737,0.618733509235,0.330585867167
0.218814610613,0.618733509235,0.330192089081
0.218814610613,0.619393139842,0.330190002918
0.219503790489,0.619393139842,0.329976320267
0.219503790489,0.620052770449,0.329812437296
0.219848380427,0.620052770449,0.329733282328
0.219848380427,0.621372031662,0.32948794961
0.220537560303,0.621372031662,0.329447299242
0.220537560303,0.624670184697,0.328919887543
0.221915920055,0.624670184697,0.328652799129
0.221915920055,0.625329815303,0.328598678112
0.222260509993,0.625329815303,0.328522413969
0.222260509993,0.62598944591,0.328355699778
0.222949689869,0.62598944591,0.328278392553
0.222949689869,0.626649076517,0.32813718915
0.223638869745,0.626649076517,0.328095674515
0.223638869745,0.627308707124,0.327993065119
0.224328049621,0.627308707124,0.327745646238
0.224328049621,0.629287598945,0.327600091696
0.226395589249,0.629287598945,0.326776951551
0.226395589249,0.629947229551,0.326768279076
0.226740179187,0.629947229551,0.32670250535
0.226740179187,0.631266490765,0.326658070087
0.227084769125,0.631266490765,0.326554566622
0.227084769125,0.631926121372,0.326305121183
0.227773949001,0.631926121372,0.326172888279
0.227773949001,0.632585751979,0.32615762949
0.228118538939,0.632585751979,0.326083898544
0.228118538939,0.633245382586,0.326060682535
0.230186078567,0.633245382586,0.325427442789
0.230186078567,0.633905013193,0.325197160244
0.231909028256,0.633905013193,0.32492646575
0.231909028256,0.634564643799,0.324791371822
0.23294279807,0.634564643799,0.324689120054
0.23294279807,0.635224274406,0.324326515198
0.233631977946,0.635224274406,0.324309319258
0.233631977946,0.637862796834,0.324077874422
0.235699517574,0.637862796834,0.323507398367
0.235699517574,0.639182058047,0.323436379433
0.23811164714,0.639182058047,0.323014497757
0.23811164714,0.640501319261,0.322648018599
0.240868366644,0.640501319261,0.322226136923
0.240868366644,0.642480211082,0.322107434273
0.24155754652,0.642480211082,0.321707814932
0.24155754652,0.643139841689,0.321620881557
0.241902136458,0.643139841689,0.321522831917
0.241902136458,0.643799472296,0.321521043777
0.242591316334,0.643799472296,0.321448534727
0.242591316334,0.644459102902,0.321365267038
0.24328049621,0.644459102902,0.321179389954
0.24328049621,0.645118733509,0.32111248374
0.245348035837,0.645118733509,0.320569455624
0.245348035837,0.645778364116,0.320515185595
0.247070985527,0.645778364116,0.320288091898
0.247070985527,0.646437994723,0.320140272379
0.247760165403,0.646437994723,0.320061057806
0.247760165403,0.64709762533,0.320056945086
0.248104755341,0.64709762533,0.319982588291
0.248104755341,0.647757255937,0.319940716028
0.248449345279,0.647757255937,0.319925129414
0.248449345279,0.648416886544,0.319847345352
0.249483115093,0.648416886544,0.319283157587
0.249483115093,0.649736147757,0.319106519222
0.250172294969,0.649736147757,0.319028168917
0.250172294969,0.650395778364,0.319010078907
0.251550654721,0.650395778364,0.31863412261
0.251550654721,0.651055408971,0.31860023737
0.251895244659,0.651055408971,0.318494677544
0.251895244659,0.652374670185,0.318411707878
0.253273604411,0.652374670185,0.318088233471
0.253273604411,0.653034300792,0.317845821381
0.258787043418,0.653034300792,0.316573649645
0.258787043418,0.654353562005,0.316373705864
0.259131633356,0.654353562005,0.316275596619
0.259131633356,0.655013192612,0.316251695156
0.260509993108,0.655013192612,0.315939694643
0.260509993108,0.655672823219,0.315917700529
0.261543762922,0.655672823219,0.315598756075
0.261543762922,0.656332453826,0.315565556288
0.26188835286,0.656332453826,0.315553814173
0.26188835286,0.65765171504,0.315293878317
0.262577532736,0.65765171504,0.314957201481
0.262577532736,0.658311345646,0.314953714609
0.262922122674,0.658311345646,0.314902335405
0.262922122674,0.660290237467,0.314630776644
0.26361130255,0.660290237467,0.314496725798
0.26361130255,0.660949868074,0.314287036657
0.263955892488,0.660949868074,0.314136624336
0.263955892488,0.661609498681,0.313980698586
0.264989662302,0.661609498681,0.313751667738
0.264989662302,0.664248021108,0.313402920961
0.26705720193,0.664248021108,0.31302139163
0.26705720193,0.666886543536,0.312801808119
0.267401791868,0.666886543536,0.312714397907
0.267401791868,0.667546174142,0.312656670809
0.268090971744,0.667546174142,0.312561899424
0.268090971744,0.668865435356,0.312561184168
0.26878015162,0.668865435356,0.312296450138
0.26878015162,0.669525065963,0.311878472567
0.269124741558,0.669525065963,0.311819463968
0.269124741558,0.67018469657,0.311782538891
0.269469331496,0.67018469657,0.311754196882
0.269469331496,0.670844327177,0.311640411615
0.271192281185,0.670844327177,0.311246424913
0.271192281185,0.672823218997,0.311098486185
0.271536871123,0.672823218997,0.311026960611
0.271536871123,0.675461741425,0.310549378395
0.272570640937,0.675461741425,0.309956252575
0.272570640937,0.676121372032,0.309861451387
0.272915230875,0.676121372032,0.309848934412
0.272915230875,0.676781002639,0.309673607349
0.280151619573,0.676781002639,0.308067649603
0.280151619573,0.678100263852,0.307958900928
0.281185389387,0.678100263852,0.307854324579
0.281185389387,0.678759894459,0.307760924101
0.282563749139,0.678759894459,0.307503014803
0.282563749139,0.679419525066,0.307469755411
0.283252929014,0.679419525066,0.30735707283
0.283252929014,0.680079155673,0.307352155447
0.283597518952,0.680079155673,0.30710324645
0.283597518952,0.68073878628,0.306881546974
0.285320468642,0.68073878628,0.306612193584
0.285320468642,0.6827176781,0.306379199028
0.286354238456,0.6827176781,0.306015700102
0.286354238456,0.684036939314,0.305931538343
0.288077188146,0.684036939314,0.305393308401
0.288077188146,0.686015831135,0.30501383543
0.289455547898,0.686015831135,0.304766327143
0.289455547898,0.687994722955,0.30449539423
0.289800137836,0.687994722955,0.304415106773
0.289800137836,0.688654353562,0.304328382015
0.291867677464,0.688654353562,0.304050713778
0.291867677464,0.689313984169,0.303972989321
0.293246037216,0.689313984169,0.303875207901
0.293246037216,0.689973614776,0.303862631321
0.293590627154,0.689973614776,0.303829520941
0.293590627154,0.691292875989,0.30377137661
0.29427980703,0.691292875989,0.303701609373
0.29427980703,0.691952506596,0.303537577391
0.29600275672,0.691952506596,0.303342968225
0.29600275672,0.69327176781,0.303095459938
0.296347346657,0.69327176781,0.303016483784
0.296347346657,0.693931398417,0.302998632193
0.296691936595,0.693931398417,0.302985876799
0.296691936595,0.694591029024,0.302961498499
0.298414886285,0.694591029024,0.302295565605
0.298414886285,0.697229551451,0.302119702101
0.299448656099,0.697229551451,0.302070081234
0.299448656099,0.697889182058,0.302039474249
0.299793246037,0.697889182058,0.301882296801
0.299793246037,0.701187335092,0.301540851593
0.300137835975,0.701187335092,0.301539361477
0.300137835975,0.701846965699,0.301527887583
0.300482425913,0.701846965699,0.301354378462
0.300482425913,0.702506596306,0.301353573799
0.301171605789,0.702506596306,0.301116943359
0.301171605789,0.703166226913,0.301033079624
0.302205375603,0.703166226913,0.30096372962
0.302205375603,0.70382585752,0.300871908665
0.303239145417,0.70382585752,0.300742685795
0.303239145417,0.70580474934,0.300661981106
0.303583735355,0.70580474934,0.300623804331
0.303583735355,0.706464379947,0.300541907549
0.303928325293,0.706464379947,0.300493061543
0.303928325293,0.707124010554,0.300385206938
0.304962095107,0.707124010554,0.300046920776
0.304962095107,0.707783641161,0.29989656806
0.305651274983,0.707783641161,0.299714386463
0.305651274983,0.709102902375,0.299698829651
0.307374224673,0.709102902375,0.299410492182
0.307374224673,0.709762532982,0.299369454384
0.307718814611,0.709762532982,0.299352049828
0.307718814611,0.710422163588,0.299271762371
0.308407994487,0.710422163588,0.299147665501
0.308407994487,0.711081794195,0.29899173975
0.310475534114,0.711081794195,0.298546493053
0.310475534114,0.712401055409,0.29845944047
0.311509303928,0.712401055409,0.298372328281
0.311509303928,0.713060686016,0.298172980547
0.311853893866,0.713060686016,0.298148006201
0.311853893866,0.713720316623,0.298036277294
0.312198483804,0.713720316623,0.29794767499
0.312198483804,0.71437994723,0.297843009233
0.313232253618,0.71437994723,0.29766446352
0.313232253618,0.715039577836,0.29727306962
0.313921433494,0.715039577836,0.297252476215
0.313921433494,0.71635883905,0.297201812267
0.314266023432,0.71635883905,0.297174066305
0.314266023432,0.717678100264,0.297087460756
0.316678152998,0.717678100264,0.296220481396
0.316678152998,0.719656992084,0.295913010836
0.317711922812,0.719656992084,0.295667767525
0.317711922812,0.723614775726,0.295049071312
0.318745692626,0.723614775726,0.294955819845
0.318745692626,0.724274406332,0.294902324677
0.319434872502,0.724274406332,0.29478546977
0.319434872502,0.724934036939,0.294743716717
0.322536181943,0.724934036939,0.294002383947
0.322536181943,0.725593667546,0.29394620657
0.323225361819,0.725593667546,0.293766736984
0.323225361819,0.726253298153,0.293677031994
0.323569951757,0.726253298153,0.293642193079
0.323569951757,0.72691292876,0.293593198061
0.324259131633,0.72691292876,0.29347383976
0.324259131633,0.727572559367,0.293448805809
0.324948311509,0.727572559367,0.293381810188
0.324948311509,0.728232189974,0.293363004923
0.325292901447,0.728232189974,0.293290346861
0.325292901447,0.72889182058,0.293285518885
0.326326671261,0.72889182058,0.293177545071
0.326326671261,0.730211081794,0.293124705553
0.326671261199,0.730211081794,0.293123424053
0.326671261199,0.730870712401,0.292840212584
0.328049620951,0.730870712401,0.292690694332
0.328049620951,0.731530343008,0.29266294837
0.328738800827,0.731530343008,0.292617827654
0.328738800827,0.732849604222,0.292428284883
0.329427980703,0.732849604222,0.292378008366
0.329427980703,0.733509234828,0.292339354753
0.330806340455,0.733509234828,0.291943460703
0.330806340455,0.734168865435,0.291817992926
0.331150930393,0.734168865435,0.291593283415
0.331150930393,0.734828496042,0.291438817978
0.334596829773,0.734828496042,0.290803074837
0.334596829773,0.735488126649,0.290782362223
0.335630599586,0.735488126649,0.290745824575
0.335630599586,0.738126649077,0.290454685688
0.3366643694,0.738126649077,0.290196120739
0.3366643694,0.738786279683,0.290131270885
0.337008959338,0.738786279683,0.290043801069
0.337008959338,0.73944591029,0.290029674768
0.339076498966,0.73944591029,0.289652168751
0.339076498966,0.740105540897,0.289633572102
0.339765678842,0.740105540897,0.289467006922
0.339765678842,0.741424802111,0.289076089859
0.341144038594,0.741424802111,0.288621753454
0.341144038594,0.743403693931,0.288420885801
0.342177808408,0.743403693931,0.288132399321
0.342177808408,0.744063324538,0.288050472736
0.344245348036,0.744063324538,0.287816792727
0.344245348036,0.745382585752,0.287723064423
0.347346657478,0.745382585752,0.287229567766
0.347346657478,0.746701846966,0.287107884884
0.348035837354,0.746701846966,0.286905050278
0.348035837354,0.748021108179,0.286767095327
0.348380427292,0.748021108179,0.286697208881
0.348380427292,0.749340369393,0.286608636379
0.348725017229,0.749340369393,0.286562055349
0.348725017229,0.75,0.286557137966
0.351826326671,0.75,0.285954087973
0.351826326671,0.751319261214,0.285869926214
0.352860096485,0.751319261214,0.285711973906
0.352860096485,0.752638522427,0.285486072302
0.353893866299,0.752638522427,0.285178095102
0.353893866299,0.753298153034,0.285152316093
0.354583046175,0.753298153034,0.285127580166
0.354583046175,0.753957783641,0.285081803799
0.354927636113,0.753957783641,0.285013109446
0.354927636113,0.754617414248,0.284949123859
0.356305995865,0.754617414248,0.284766674042
0.356305995865,0.755277044855,0.284546107054
0.356995175741,0.755277044855,0.284358918667
0.356995175741,0.756596306069,0.284187763929
0.357684355617,0.756596306069,0.283893167973
0.357684355617,0.757915567282,0.283790916204
0.358373535493,0.757915567282,0.283412665129
0.358373535493,0.758575197889,0.283304363489
0.359062715369,0.758575197889,0.283172309399
0.359062715369,0.759234828496,0.283097654581
0.359407305307,0.759234828496,0.282941430807
0.359407305307,0.759894459103,0.28292965889
0.36216402481,0.759894459103,0.282566636801
0.36216402481,0.76055408971,0.282478928566
0.362853204686,0.76055408971,0.282388925552
0.362853204686,0.761213720317,0.282336205244
0.364231564438,0.761213720317,0.282245993614
0.364231564438,0.761873350923,0.282229572535
0.364576154376,0.761873350923,0.282131075859
0.364576154376,0.76253298153,0.282084137201
0.36560992419,0.76253298153,0.281604677439
0.36560992419,0.763192612137,0.281562894583
0.366643694004,0.763192612137,0.281503498554
0.366643694004,0.763852242744,0.281474709511
0.366988283942,0.763852242744,0.281335473061
0.366988283942,0.764511873351,0.281329065561
0.367677463818,0.764511873351,0.281256079674
0.367677463818,0.765831134565,0.281085520983
0.368366643694,0.765831134565,0.280931353569
0.368366643694,0.766490765172,0.280891746283
0.369400413508,0.766490765172,0.280547738075
0.369400413508,0.767150395778,0.280542701483
0.371812543074,0.767150395778,0.280326783657
0.371812543074,0.767810026385,0.280083090067
0.373190902826,0.767810026385,0.27975782752
0.373190902826,0.768469656992,0.279683321714
0.373880082702,0.768469656992,0.279451876879
0.373880082702,0.769129287599,0.279448986053
0.377325982081,0.769129287599,0.278979957104
0.377325982081,0.769788918206,0.278946399689
0.378015161957,0.769788918206,0.278808176517
0.378015161957,0.77110817942,0.278740555048
0.382150241213,0.77110817942,0.278330087662
0.382150241213,0.771767810026,0.278213888407
0.382839421089,0.771767810026,0.278088986874
0.382839421089,0.772427440633,0.277948528528
0.384906960717,0.772427440633,0.277638047934
0.384906960717,0.77308707124,0.277636319399
0.385596140593,0.77308707124,0.277441799641
0.385596140593,0.773746701847,0.277426660061
0.387319090283,0.773746701847,0.277320563793
0.387319090283,0.774406332454,0.277133852243
0.387663680221,0.774406332454,0.277124285698
0.387663680221,0.775725593668,0.276855170727
0.389042039972,0.775725593668,0.276347965002
0.389042039972,0.777044854881,0.276141941547
0.390420399724,0.777044854881,0.275857686996
0.390420399724,0.777704485488,0.275731861591
0.394900068918,0.777704485488,0.274698913097
0.394900068918,0.778364116095,0.274537920952
0.395244658856,0.778364116095,0.274441510439
0.395244658856,0.780343007916,0.274196714163
0.39627842867,0.780343007916,0.274180501699
0.39627842867,0.781002638522,0.27404820919
0.396623018608,0.781002638522,0.274005055428
0.396623018608,0.781662269129,0.273977935314
0.39800137836,0.781662269129,0.273887783289
0.39800137836,0.782321899736,0.273823589087
0.400068917988,0.782321899736,0.273482561111
0.400068917988,0.782981530343,0.273465096951
0.402825637491,0.782981530343,0.272961616516
0.402825637491,0.784300791557,0.272796750069
0.403170227429,0.784300791557,0.272722005844
0.403170227429,0.786279683377,0.272655248642
0.404203997243,0.786279683377,0.272264480591
0.404203997243,0.787598944591,0.272207021713
0.404548587181,0.787598944591,0.272187948227
0.404548587181,0.788258575198,0.272083699703
0.406960716747,0.788258575198,0.271799564362
0.406960716747,0.788918205805,0.271798759699
0.407649896623,0.788918205805,0.271694779396
0.407649896623,0.789577836412,0.271471142769
0.410751206065,0.789577836412,0.270547896624
0.410751206065,0.791556728232,0.270398467779
0.411784975879,0.791556728232,0.269807547331
0.411784975879,0.792216358839,0.269639581442
0.412474155755,0.792216358839,0.269547879696
0.412474155755,0.792875989446,0.26944476366
0.413163335631,0.792875989446,0.269253045321
0.413163335631,0.793535620053,0.269205063581
0.41488628532,0.793535620053,0.268755406141
0.41488628532,0.79419525066,0.268713027239
0.416264645072,0.79419525066,0.268508702517
0.416264645072,0.794854881266,0.268488734961
0.4183321847,0.794854881266,0.26806473732
0.4183321847,0.795514511873,0.267793774605
0.42177808408,0.795514511873,0.267055898905
0.42177808408,0.79617414248,0.267011493444
0.423845623708,0.79617414248,0.266691476107
0.423845623708,0.796833773087,0.266646564007
0.424190213646,0.796833773087,0.266613453627
0.424190213646,0.797493403694,0.266599416733
0.425568573398,0.797493403694,0.266109675169
0.425568573398,0.798153034301,0.266092628241
0.426257753274,0.798153034301,0.265938073397
0.426257753274,0.798812664908,0.265937119722
0.426602343212,0.798812664908,0.265765845776
0.426602343212,0.799472295515,0.265764653683
0.428325292901,0.799472295515,0.265536874533
0.428325292901,0.801451187335,0.26539632678
0.429703652653,0.801451187335,0.264482051134
0.429703652653,0.802110817942,0.264404714108
0.430048242591,0.802110817942,0.264364153147
0.430048242591,0.804749340369,0.264166414738
0.430392832529,0.804749340369,0.264047056437
0.430392832529,0.805408970976,0.264038264751
0.432115782219,0.805408970976,0.263682126999
0.432115782219,0.80672823219,0.263633966446
0.433149552033,0.80672823219,0.263344168663
0.433149552033,0.807387862797,0.263310521841
0.433494141971,0.807387862797,0.263142585754
0.433494141971,0.809366754617,0.262860625982
0.435217091661,0.809366754617,0.262731045485
0.435217091661,0.810026385224,0.262682020664
0.437284631289,0.810026385224,0.262416452169
0.437284631289,0.810686015831,0.262358576059
0.437629221227,0.810686015831,0.262145191431
0.437629221227,0.811345646438,0.262049436569
0.440385940731,0.811345646438,0.261758506298
0.440385940731,0.812005277045,0.261756062508
0.440730530669,0.812005277045,0.261693239212
0.440730530669,0.812664907652,0.261689662933
0.441419710544,0.812664907652,0.261536389589
0.441419710544,0.813984168865,0.261524200439
0.442798070296,0.813984168865,0.261403352022
0.442798070296,0.814643799472,0.261113941669
0.443487250172,0.814643799472,0.261038154364
0.443487250172,0.815303430079,0.260914891958
0.4455547898,0.815303430079,0.260701924562
0.4455547898,0.816622691293,0.260658949614
0.445899379738,0.816622691293,0.260622382164
0.445899379738,0.817941952507,0.260480374098
0.446243969676,0.817941952507,0.260475873947
0.446243969676,0.818601583113,0.260398387909
0.446933149552,0.818601583113,0.260334163904
0.446933149552,0.81926121372,0.260323673487
0.448311509304,0.81926121372,0.260010063648
0.448311509304,0.819920844327,0.259898304939
0.44900068918,0.819920844327,0.259747803211
0.44900068918,0.820580474934,0.259586691856
0.449345279118,0.820580474934,0.259559065104
0.449345279118,0.821240105541,0.25949960947
0.450034458994,0.821240105541,0.259367614985
0.450034458994,0.821899736148,0.259324550629
0.453480358374,0.821899736148,0.258836716413
0.453480358374,0.823218997361,0.258774727583
0.454169538249,0.823218997361,0.258660525084
0.454169538249,0.823878627968,0.258455008268
0.454514128187,0.823878627968,0.258400261402
0.454514128187,0.824538258575,0.258365809917
0.454858718125,0.824538258575,0.258344352245
0.454858718125,0.825197889182,0.258241802454
0.460372157133,0.825197889182,0.257042139769
0.460372157133,0.826517150396,0.256776630878
0.462784286699,0.826517150396,0.256096839905
0.462784286699,0.827176781003,0.256008952856
0.464507236389,0.827176781003,0.255762010813
0.464507236389,0.827836411609,0.255745947361
0.46760854583,0.827836411609,0.255303233862
0.46760854583,0.828496042216,0.255303025246
0.468297725706,0.828496042216,0.255014121532
0.468297725706,0.829155672823,0.255011677742
0.46933149552,0.829155672823,0.254939377308
0.46933149552,0.830474934037,0.254706352949
0.469676085458,0.830474934037,0.254684060812
0.469676085458,0.832453825858,0.254573911428
0.470020675396,0.832453825858,0.25454390049
0.470020675396,0.833113456464,0.25446498394
0.470709855272,0.833113456464,0.254392892122
0.470709855272,0.833773087071,0.25436720252
0.472432804962,0.833773087071,0.253709673882
0.472432804962,0.834432717678,0.253703892231
0.473466574776,0.834432717678,0.253597319126
0.473466574776,0.835751978892,0.253424108028
0.478980013784,0.835751978892,0.252334445715
0.478980013784,0.837071240106,0.252273947001
0.47966919366,0.837071240106,0.252170503139
0.47966919366,0.837730870712,0.252164304256
0.482425913163,0.837730870712,0.251475125551
0.482425913163,0.838390501319,0.251459538937
0.485182632667,0.838390501319,0.250853270292
0.485182632667,0.839050131926,0.250801622868
0.487594762233,0.839050131926,0.250404804945
0.487594762233,0.839709762533,0.250385075808
0.487939352171,0.839709762533,0.250361680984
0.487939352171,0.841688654354,0.250126391649
0.488283942109,0.841688654354,0.250116169453
0.488283942109,0.84234828496,0.250079065561
0.488628532047,0.84234828496,0.250029295683
0.488628532047,0.843007915567,0.249787986279
0.489317711923,0.843007915567,0.249631822109
0.489317711923,0.844327176781,0.249514326453
0.489662301861,0.844327176781,0.24950286746
0.489662301861,0.844986807388,0.24947527051
0.490696071675,0.844986807388,0.249317720532
0.490696071675,0.845646437995,0.249277159572
0.492419021365,0.845646437995,0.248794406652
0.492419021365,0.846306068602,0.248628079891
0.495864920744,0.846306068602,0.248046293855
0.495864920744,0.846965699208,0.248020768166
0.497243280496,0.846965699208,0.247585132718
0.497243280496,0.847625329815,0.247580006719
0.49827705031,0.847625329815,0.247338324785
0.49827705031,0.848284960422,0.247289732099
0.500344589938,0.848284960422,0.246748581529
0.500344589938,0.849604221636,0.246552690864
0.501378359752,0.849604221636,0.246307298541
0.501378359752,0.850263852243,0.246272072196
0.50172294969,0.850263852243,0.246222689748
0.50172294969,0.85092348285,0.246080741286
0.502756719504,0.85092348285,0.245897725224
0.502756719504,0.851583113456,0.245855167508
0.503790489318,0.851583113456,0.245653495193
0.503790489318,0.852242744063,0.245597049594
0.504135079256,0.852242744063,0.245591208339
0.504135079256,0.85290237467,0.245473518968
0.505513439008,0.85290237467,0.245131164789
0.505513439008,0.853562005277,0.245020672679
0.507925568573,0.853562005277,0.244620770216
0.507925568573,0.854881266491,0.244568675756
0.512749827705,0.854881266491,0.243415147066
0.512749827705,0.855540897098,0.24337849021
0.515851137147,0.855540897098,0.243110209703
0.515851137147,0.856200527704,0.243089497089
0.516540317023,0.856200527704,0.242988407612
0.516540317023,0.856860158311,0.242950767279
0.517574086837,0.856860158311,0.242754474282
0.517574086837,0.858179419525,0.242612481117
0.519297036527,0.858179419525,0.242371127009
0.519297036527,0.860158311346,0.24221073091
0.519641626465,0.860158311346,0.242148920894
0.519641626465,0.860817941953,0.242105811834
0.520675396278,0.860817941953,0.24205198884
0.520675396278,0.862137203166,0.242011770606
0.522742935906,0.862137203166,0.241817101836
0.522742935906,0.864775725594,0.24163903296
0.524121295658,0.864775725594,0.241595178843
0.524121295658,0.865435356201,0.24157230556
0.52549965541,0.865435356201,0.241378456354
0.52549965541,0.866094986807,0.241252556443
0.525844245348,0.866094986807,0.241224780679
0.525844245348,0.866754617414,0.241080582142
0.5272226051,0.866754617414,0.240849807858
0.5272226051,0.867414248021,0.240776091814
0.529290144728,0.867414248021,0.240266442299
0.529290144728,0.868733509235,0.240246608853
0.529979324604,0.868733509235,0.240028604865
0.529979324604,0.869393139842,0.240015521646
0.531702274294,0.869393139842,0.239820733666
0.531702274294,0.870052770449,0.239751830697
0.532736044108,0.870052770449,0.239570230246
0.532736044108,0.871372031662,0.239463895559
0.533080634045,0.871372031662,0.239323347807
0.533080634045,0.872031662269,0.239152371883
0.533425223983,0.872031662269,0.239027172327
0.533425223983,0.872691292876,0.238974764943
0.535492763611,0.872691292876,0.238592535257
0.535492763611,0.873350923483,0.238394916058
0.536181943487,0.873350923483,0.238336339593
0.536181943487,0.87401055409,0.238218441606
0.536871123363,0.87401055409,0.238091543317
0.536871123363,0.874670184697,0.237939760089
0.537215713301,0.874670184697,0.237756639719
0.537215713301,0.875329815303,0.237719342113
0.538594073053,0.875329815303,0.237427935004
0.538594073053,0.87598944591,0.237411051989
0.539283252929,0.87598944591,0.237312972546
0.539283252929,0.876649076517,0.237219199538
0.539972432805,0.876649076517,0.237076327205
0.539972432805,0.877308707124,0.237059548497
0.543073742247,0.877308707124,0.236372172832
0.543073742247,0.877968337731,0.236274808645
0.544107512061,0.877968337731,0.236017197371
0.544107512061,0.878627968338,0.235832646489
0.544796691937,0.878627968338,0.235544338822
0.544796691937,0.879287598945,0.235496193171
0.545485871813,0.879287598945,0.235406160355
0.545485871813,0.880606860158,0.23518872261
0.548587181254,0.880606860158,0.234453827143
0.548587181254,0.881266490765,0.234414055943
0.54927636113,0.881266490765,0.234261959791
0.54927636113,0.881926121372,0.234209820628
0.549965541006,0.881926121372,0.234197795391
0.549965541006,0.883245382586,0.234061092138
0.551688490696,0.883245382586,0.233778744936
0.551688490696,0.883905013193,0.233774155378
0.554100620262,0.883905013193,0.233297124505
0.554100620262,0.884564643799,0.233216702938
0.5544452102,0.884564643799,0.233156323433
0.5544452102,0.88654353562,0.23305593431
0.555478980014,0.88654353562,0.232790455222
0.555478980014,0.887203166227,0.232775941491
0.55789110958,0.887203166227,0.232249900699
0.55789110958,0.887862796834,0.232135489583
0.558235699518,0.887862796834,0.232085302472
0.558235699518,0.889182058047,0.23204536736
0.559958649207,0.889182058047,0.231772735715
0.559958649207,0.889841688654,0.231762900949
0.560303239145,0.889841688654,0.231709375978
0.560303239145,0.890501319261,0.231662750244
0.561681598897,0.890501319261,0.231352582574
0.561681598897,0.891160949868,0.231294825673
0.565816678153,0.891160949868,0.230515182018
0.565816678153,0.893139841689,0.230366036296
0.569607167471,0.893139841689,0.229851976037
0.569607167471,0.894459102902,0.229652330279
0.571330117161,0.894459102902,0.229349166155
0.571330117161,0.895118733509,0.229250580072
0.573742246726,0.895118733509,0.228603467345
0.573742246726,0.895778364116,0.228580102324
0.575120606478,0.895778364116,0.228508621454
0.575120606478,0.89709762533,0.228392392397
0.57649896623,0.89709762533,0.228153064847
0.57649896623,0.897757255937,0.228072926402
0.577877325982,0.897757255937,0.227943822742
0.577877325982,0.898416886544,0.227718085051
0.579600275672,0.898416886544,0.227397292852
0.579600275672,0.89907651715,0.227326706052
0.57994486561,0.89907651715,0.227188646793
0.57994486561,0.899736147757,0.227150917053
0.581323225362,0.899736147757,0.226847290993
0.581323225362,0.901055408971,0.226760029793
0.583046175052,0.901055408971,0.226312801242
0.583046175052,0.902374670185,0.226163968444
0.584079944866,0.902374670185,0.226051241159
0.584079944866,0.903034300792,0.226028934121
0.586492074431,0.903034300792,0.225774392486
0.586492074431,0.903693931398,0.225769639015
0.588559614059,0.903693931398,0.225506126881
0.588559614059,0.904353562005,0.225457891822
0.591660923501,0.904353562005,0.22444114089
0.591660923501,0.905672823219,0.224341019988
0.596829772571,0.905672823219,0.223197624087
0.596829772571,0.906332453826,0.223192498088
0.600964851826,0.906332453826,0.222592204809
0.600964851826,0.906992084433,0.222524836659
0.602343211578,0.906992084433,0.222248971462
0.602343211578,0.90765171504,0.222219437361
0.605789110958,0.90765171504,0.2215423733
0.605789110958,0.908311345646,0.221324458718
0.606822880772,0.908311345646,0.221068292856
0.606822880772,0.908970976253,0.22083543241
0.6088904204,0.908970976253,0.220615878701
0.6088904204,0.910290237467,0.220337361097
0.609579600276,0.910290237467,0.220215886831
0.609579600276,0.910949868074,0.220163136721
0.609924190214,0.910949868074,0.220111832023
0.609924190214,0.912269129288,0.220038041472
0.611302549966,0.912269129288,0.219882518053
0.611302549966,0.913588390501,0.219583541155
0.611647139904,0.913588390501,0.21954497695
0.611647139904,0.914248021108,0.219487920403
0.613025499655,0.914248021108,0.219204157591
0.613025499655,0.914907651715,0.218978747725
0.614403859407,0.914907651715,0.218779340386
0.614403859407,0.915567282322,0.218610733747
0.616471399035,0.915567282322,0.217839121819
0.616471399035,0.916226912929,0.217815861106
0.618538938663,0.916226912929,0.217523097992
0.618538938663,0.916886543536,0.217513993382
0.620261888353,0.916886543536,0.217402741313
0.620261888353,0.917546174142,0.217384666204
0.621984838043,0.917546174142,0.216943725944
0.621984838043,0.918205804749,0.216932922602
0.624052377671,0.918205804749,0.216678753495
0.624052377671,0.918865435356,0.216639474034
0.62577532736,0.918865435356,0.216479852796
0.62577532736,0.919525065963,0.216349691153
0.626809097174,0.919525065963,0.216198295355
0.626809097174,0.92018469657,0.216112926602
0.628187456926,0.92018469657,0.215783551335
0.628187456926,0.920844327177,0.215728476644
0.631288766368,0.920844327177,0.214531764388
0.631288766368,0.921503957784,0.214491844177
0.63266712612,0.921503957784,0.214101999998
0.63266712612,0.922163588391,0.214069277048
0.63439007581,0.922163588391,0.21388579905
0.63439007581,0.922823218997,0.213812291622
0.634734665748,0.922823218997,0.213721185923
0.634734665748,0.923482849604,0.213673844934
0.636802205376,0.923482849604,0.213102772832
0.636802205376,0.924142480211,0.213053748012
0.639214334941,0.924142480211,0.212405651808
0.639214334941,0.924802110818,0.212353736162
0.639558924879,0.924802110818,0.212332963943
0.639558924879,0.925461741425,0.212200060487
0.641626464507,0.925461741425,0.211502417922
0.641626464507,0.926121372032,0.21148891747
0.645072363887,0.926121372032,0.210894942284
0.645072363887,0.926781002639,0.210883453488
0.649207443143,0.926781002639,0.210401907563
0.649207443143,0.927440633245,0.210245206952
0.656099241902,0.927440633245,0.20929928124
0.656099241902,0.928100263852,0.209291428328
0.656788421778,0.928100263852,0.208862885833
0.656788421778,0.928759894459,0.208844944835
0.657133011716,0.928759894459,0.208839207888
0.657133011716,0.929419525066,0.208760455251
0.660234321158,0.929419525066,0.208219841123
0.660234321158,0.930079155673,0.208209589124
0.662301860786,0.930079155673,0.207904338837
0.662301860786,0.931398416887,0.207838460803
0.662646450724,0.931398416887,0.207671880722
0.662646450724,0.9327176781,0.207562163472
0.665058580289,0.9327176781,0.207249060273
0.665058580289,0.933377308707,0.207248032093
0.666092350103,0.933377308707,0.207191929221
0.666092350103,0.934036939314,0.207162335515
0.668849069607,0.934036939314,0.206327542663
0.668849069607,0.935356200528,0.206168323755
0.671261199173,0.935356200528,0.205237716436
0.671261199173,0.936675461741,0.205114036798
0.676430048243,0.936675461741,0.20408578217
0.676430048243,0.937335092348,0.204071566463
0.68022053756,0.937335092348,0.203416138887
0.68022053756,0.938654353562,0.203359246254
0.682288077188,0.938654353562,0.203013285995
0.682288077188,0.939313984169,0.203001141548
0.693314955203,0.939313984169,0.201078802347
0.693314955203,0.939973614776,0.200982168317
0.700206753963,0.939973614776,0.199787437916
0.700206753963,0.941292875989,0.19960680604
0.700551343901,0.941292875989,0.199466988444
0.700551343901,0.941952506596,0.199439689517
0.703308063405,0.941952506596,0.199091538787
0.703308063405,0.94327176781,0.199063286185
0.70399724328,0.94327176781,0.199039623141
0.70399724328,0.944591029024,0.19889485836
0.70744314266,0.944591029024,0.197898074985
0.70744314266,0.945250659631,0.197872206569
0.709510682288,0.945250659631,0.197171747684
0.709510682288,0.945910290237,0.196686595678
0.710199862164,0.945910290237,0.196545153856
0.710199862164,0.946569920844,0.196529522538
0.712956581668,0.946569920844,0.196103483438
0.712956581668,0.947229551451,0.196011722088
0.714679531358,0.947229551451,0.195655107498
0.714679531358,0.947889182058,0.195631161332
0.71605789111,0.947889182058,0.195179849863
0.71605789111,0.948548812665,0.195173978806
0.718125430737,0.948548812665,0.194758415222
0.718125430737,0.949208443272,0.194598972797
0.718814610613,0.949208443272,0.194477334619
0.718814610613,0.949868073879,0.194441899657
0.722949689869,0.949868073879,0.193693220615
0.722949689869,0.950527704485,0.193616896868
0.729152308753,0.950527704485,0.191784545779
0.729152308753,0.951187335092,0.191693380475
0.730186078567,0.951187335092,0.191525638103
0.730186078567,0.951846965699,0.191416725516
0.731909028256,0.951846965699,0.190976724029
0.731909028256,0.952506596306,0.190892860293
0.73466574776,0.952506596306,0.190459892154
0.73466574776,0.953166226913,0.190337359905
0.737767057202,0.953166226913,0.189630538225
0.737767057202,0.95382585752,0.189587056637
0.739490006892,0.95382585752,0.188873186707
0.739490006892,0.954485488127,0.188761740923
0.740868366644,0.954485488127,0.188659518957
0.740868366644,0.955145118734,0.188566282392
0.742935906272,0.955145118734,0.187848165631
0.742935906272,0.95580474934,0.187820851803
0.743625086147,0.95580474934,0.187582492828
0.743625086147,0.956464379947,0.187537401915
0.747415575465,0.956464379947,0.186539754272
0.747415575465,0.957124010554,0.186438530684
0.749138525155,0.957124010554,0.186043217778
0.749138525155,0.957783641161,0.186014413834
0.758097863542,0.957783641161,0.18345682323
0.758097863542,0.958443271768,0.183420613408
0.763955892488,0.958443271768,0.182055413723
0.763955892488,0.959102902375,0.181693673134
0.764645072364,0.959102902375,0.181606441736
0.764645072364,0.959762532982,0.181523382664
0.770503101309,0.959762532982,0.17926555872
0.770503101309,0.960422163588,0.179255187511
0.772226050999,0.960422163588,0.178667709231
0.772226050999,0.961081794195,0.178580865264
0.774638180565,0.961081794195,0.178414463997
0.774638180565,0.961741424802,0.178386971354
0.776705720193,0.961741424802,0.177747488022
0.776705720193,0.963060686016,0.177635684609
0.780151619573,0.963060686016,0.176774352789
0.780151619573,0.963720316623,0.17673741281
0.781874569263,0.963720316623,0.176127254963
0.781874569263,0.96437994723,0.175868868828
0.783597518952,0.96437994723,0.175501361489
0.783597518952,0.965039577836,0.175370395184
0.788766368022,0.965039577836,0.173901200294
0.788766368022,0.965699208443,0.173891067505
0.790489317712,0.965699208443,0.173286631703
0.790489317712,0.96635883905,0.172952339053
0.793935217092,0.96635883905,0.171990483999
0.793935217092,0.967018469657,0.171966508031
0.801516195727,0.967018469657,0.170007541776
0.801516195727,0.967678100264,0.169935762882
0.803928325293,0.967678100264,0.168650597334
0.803928325293,0.968337730871,0.168490678072
0.805995864921,0.968337730871,0.168008595705
0.805995864921,0.968997361478,0.16795425117
0.806685044797,0.968997361478,0.167776674032
0.806685044797,0.969656992084,0.16771261394
0.808407994487,0.969656992084,0.167376235127
0.808407994487,0.970316622691,0.167283028364
0.810475534114,0.970316622691,0.166385889053
0.810475534114,0.970976253298,0.166310340166
0.812543073742,0.970976253298,0.165801033378
0.812543073742,0.972295514512,0.165657907724
0.815644383184,0.972295514512,0.164945170283
0.815644383184,0.972955145119,0.16489379108
0.824603721571,0.972955145119,0.162790641189
0.824603721571,0.973614775726,0.16237193346
0.829083390765,0.973614775726,0.161278277636
0.829083390765,0.974274406332,0.161230668426
0.831495520331,0.974274406332,0.160634189844
0.831495520331,0.974934036939,0.16058152914
0.833218470021,0.974934036939,0.160211086273
0.833218470021,0.975593667546,0.160188436508
0.847346657478,0.975593667546,0.156487748027
0.847346657478,0.976253298153,0.156383693218
0.847691247416,0.976253298153,0.156316205859
0.847691247416,0.97691292876,0.156284242868
0.855272226051,0.97691292876,0.153641551733
0.855272226051,0.977572559367,0.153525605798
0.857684355617,0.977572559367,0.153194874525
0.857684355617,0.978232189974,0.153120622039
0.859062715369,0.978232189974,0.152683451772
0.859062715369,0.97889182058,0.152623936534
0.864231564438,0.97889182058,0.150818780065
0.864231564438,0.980211081794,0.150533720851
0.866988283942,0.980211081794,0.149975210428
0.866988283942,0.980870712401,0.149915277958
0.868711233632,0.980870712401,0.149171084166
0.868711233632,0.981530343008,0.149140536785
0.871812543074,0.981530343008,0.148402944207
0.871812543074,0.982189973615,0.14806073904
0.87422467264,0.982189973615,0.147551774979
0.87422467264,0.982849604222,0.14754293859
0.875947622329,0.982849604222,0.147163927555
0.875947622329,0.983509234828,0.147065415978
0.879393521709,0.983509234828,0.146105155349
0.879393521709,0.984168865435,0.145818337798
0.880082701585,0.984168865435,0.14552859962
0.880082701585,0.984828496042,0.145424693823
0.891454169538,0.984828496042,0.142082437873
0.891454169538,0.985488126649,0.141972854733
0.893177119228,0.985488126649,0.140889257193
0.893177119228,0.986147757256,0.140804931521
0.89627842867,0.986147757256,0.139642834663
0.89627842867,0.986807387863,0.139580115676
0.900758097864,0.986807387863,0.138152733445
0.900758097864,0.98746701847,0.138095751405
0.904893177119,0.98746701847,0.136243775487
0.904893177119,0.988126649077,0.136032789946
0.906271536871,0.988126649077,0.135814443231
0.906271536871,0.988786279683,0.13570407033
0.908683666437,0.988786279683,0.134516581893
0.908683666437,0.98944591029,0.134456813335
0.912129565817,0.98944591029,0.133510619402
0.912129565817,0.990105540897,0.133142605424
0.919710544452,0.990105540897,0.129760369658
0.919710544452,0.991424802111,0.129448264837
0.92177808408,0.991424802111,0.128994390368
0.92177808408,0.992084432718,0.128820776939
0.928669882839,0.992084432718,0.126425802708
0.928669882839,0.992744063325,0.126390129328
0.934527911785,0.992744063325,0.123955994844
0.934527911785,0.993403693931,0.123877152801
0.942453480358,0.993403693931,0.120353192091
0.942453480358,0.994063324538,0.120050467551
0.94383184011,0.994063324538,0.119381286204
0.94383184011,0.994722955145,0.119010359049
0.949689869056,0.994722955145,0.11612585187
0.949689869056,0.995382585752,0.115923918784
0.958993797381,0.995382585752,0.109967768192
0.958993797381,0.996042216359,0.109693907201
0.959682977257,0.996042216359,0.10936678201
0.959682977257,0.996701846966,0.109324067831
0.964507236389,0.996701846966,0.105460837483
0.964507236389,0.997361477573,0.105219691992
0.970365265334,0.997361477573,0.101778566837
0.970365265334,0.998021108179,0.101719364524
0.9727773949,0.998021108179,0.0990307703614
0.9727773949,0.998680738786,0.0989331454039
0.975189524466,0.998680738786,0.0980076864362
0.975189524466,0.999340369393,0.0974840596318
0.981736733287,0.999340369393,0.09032458812
0.981736733287,1.0,0.0901490077376
1.0,1.0,0.0448365285993
