114	+	1,0,0,0
147	+	0,1,0,0
8015	-	1,0,0,0
8192	+	1,0,0,0
10564	-	1,0,0,0
12049	+	1,0,0,0
12122	+	0,1,0,0
17228	-	1,0,0,0
16953	+	1,0,0,0
17311	+	1,0,0,0
21118	-	0,1,0,0
21207	-	1,0,0,0
21008	+	1,0,0,0
21384	+	0,0,1,0
21835	+	0,0,1,0
28288	+	1,0,0,0
28344	+	0,1,0,0
29552	+	1,0,0,0
34027	-	0,0,0,1
49789	+	1,0,0,0
52587	-	0,0,1,0
57252	-	1,0,0,0
57327	+	1,0,0,0
63449	-	0,0,1,0
65802	-	1,0,0,0
70222	+	1,0,0,0
77338	-	1,0,0,0
77368	+	1,0,0,0
83735	-	1,0,0,0
85600	+	1,0,0,0
89363	+	1,0,0,0
89590	+	0,1,0,0
102873	+	0,0,1,0
104694	+	0,0,1,0
106503	+	0,1,0,0
106956	+	0,0,1,0
107669	+	0,1,0,0
112687	-	0,0,1,0
113301	-	1,0,0,0
113395	+	1,0,0,0
118678	-	1,0,0,0
118702	+	1,0,0,0
121676	-	1,0,0,0
122035	+	1,0,0,0
122970	+	1,0,0,0
127718	+	0,1,0,0
131520	+	1,0,0,0
134340	+	1,0,0,0
136506	-	0,1,0,0
136939	-	1,0,0,0
137046	+	1,0,0,0
141262	-	1,0,0,0
141361	+	1,0,0,0
142702	-	1,0,0,0
146723	-	1,0,0,0
149629	-	1,0,0,0
159171	-	0,1,0,0
159389	-	0,0,1,0
161376	-	0,0,1,0
162052	-	1,0,0,0
162001	+	1,0,0,0
167427	+	1,0,0,0
169125	+	0,0,1,0
174990	-	1,0,0,0
174934	+	1,0,0,0
179180	-	1,0,0,0
179199	+	1,0,0,0
180670	+	0,0,1,0
181047	-	0,0,0,1
182448	+	1,0,0,0
183915	-	0,0,1,0
184192	-	1,0,0,0
185975	-	0,1,0,0
189625	-	1,0,0,0
186144	+	0,0,0,1
189641	+	1,0,0,0
189713	+	0,1,0,0
208277	+	0,0,1,0
209659	+	1,0,0,0
212307	+	1,0,0,0
214196	-	1,0,0,0
214197	+	1,0,0,0
214270	+	0,1,0,0
214622	+	0,0,1,0
218836	-	0,1,0,0
220072	-	0,1,0,0
222713	-	1,0,0,0
222807	+	1,0,0,0
223486	+	1,0,0,0
223595	+	0,1,0,0
229135	+	0,1,0,0
230983	-	1,0,0,0
231073	+	1,0,0,0
233981	-	0,1,0,0
234955	-	1,0,0,0
234461	+	0,0,0,1
234786	+	1,0,0,0
236005	-	1,0,0,0
235938	+	1,0,0,0
236022	+	0,1,0,0
236910	+	0,1,0,0
240215	-	1,0,0,0
240320	+	1,0,0,0
243345	-	1,0,0,0
243513	+	1,0,0,0
245883	-	0,1,0,0
246532	-	1,0,0,0
250504	+	1,0,0,0
251974	+	0,1,0,0
255807	-	1,0,0,0
255919	+	1,0,0,0
256503	+	1,0,0,0
257811	+	0,1,0,0
259374	-	1,0,0,0
259462	+	1,0,0,0
262061	+	0,1,0,0
262303	-	0,0,0,1
274512	+	1,0,0,0
280042	-	1,0,0,0
289564	-	1,0,0,0
294844	-	1,0,0,0
296287	+	1,0,0,0
302182	+	1,0,0,0
312027	-	1,0,0,0
312033	+	1,0,0,0
312509	-	1,0,0,0
312599	+	1,0,0,0
316587	+	1,0,0,0
319256	-	1,0,0,0
319359	+	1,0,0,0
320709	+	1,0,0,0
328584	-	1,0,0,0
328646	+	1,0,0,0
331271	+	1,0,0,0
342042	+	1,0,0,0
344477	+	1,0,0,0
345657	+	1,0,0,0
347692	-	1,0,0,0
354109	+	1,0,0,0
362424	-	1,0,0,0
361408	+	0,0,0,1
367759	-	1,0,0,0
375689	+	0,0,1,0
379142	-	1,0,0,0
380057	-	1,0,0,0
388977	-	1,0,0,0
392606	-	0,0,0,1
392449	+	1,0,0,0
395655	-	1,0,0,0
395567	+	1,0,0,0
398607	-	1,0,0,0
398669	+	1,0,0,0
400216	-	1,0,0,0
400544	+	1,0,0,0
400954	+	0,1,0,0
402456	+	0,1,0,0
404909	-	1,0,0,0
404966	+	1,0,0,0
405503	+	0,1,0,0
406179	+	0,1,0,0
406504	+	0,1,0,0
407799	+	1,0,0,0
409273	-	1,0,0,0
409278	+	1,0,0,0
411732	-	0,1,0,0
411807	-	0,1,0,0
416199	-	1,0,0,0
415428	+	1,0,0,0
416326	+	0,1,0,0
418644	+	1,0,0,0
419921	+	0,0,1,0
421711	+	1,0,0,0
424351	-	1,0,0,0
424210	+	1,0,0,0
425280	+	0,0,1,0
425679	+	0,0,1,0
426001	+	0,0,1,0
426340	+	0,0,1,0
431315	-	0,1,0,0
431408	-	1,0,0,0
432099	-	1,0,0,0
432200	+	1,0,0,0
437388	-	0,1,0,0
437530	-	0,1,0,0
440769	-	1,0,0,0
437387	+	0,0,0,1
440694	+	1,0,0,0
443783	-	1,0,0,0
443641	+	1,0,0,0
443795	+	0,1,0,0
443828	+	0,1,0,0
443883	+	0,1,0,0
450876	-	1,0,0,0
453432	-	1,0,0,0
453576	+	1,0,0,0
453658	+	0,1,0,0
454218	+	1,0,0,0
455802	+	1,0,0,0
456561	+	0,1,0,0
458038	+	0,1,0,0
460556	+	0,1,0,0
463573	+	1,0,0,0
464784	-	0,1,0,0
466571	-	1,0,0,0
474424	-	1,0,0,0
474531	+	1,0,0,0
475647	+	1,0,0,0
475841	+	1,0,0,0
477865	-	1,0,0,0
478511	-	0,1,0,0
479167	-	0,1,0,0
479649	-	0,0,1,0
479724	-	0,0,1,0
480018	-	0,1,0,0
480104	-	1,0,0,0
485309	-	1,0,0,0
484951	+	1,0,0,0
485715	+	1,0,0,0
489256	-	0,0,1,0
490111	-	1,0,0,0
490084	+	1,0,0,0
490535	+	0,1,0,0
491281	+	0,1,0,0
493102	+	0,0,1,0
494301	+	0,0,1,0
496358	+	0,1,0,0
497256	+	0,1,0,0
499322	+	1,0,0,0
502518	-	1,0,0,0
504108	+	1,0,0,0
507320	-	1,0,0,0
506429	+	1,0,0,0
507407	+	1,0,0,0
510635	-	1,0,0,0
510798	+	1,0,0,0
512926	+	0,0,1,0
512964	+	0,0,1,0
515048	-	1,0,0,0
515117	+	1,0,0,0
519178	-	1,0,0,0
518389	+	1,0,0,0
518614	+	0,1,0,0
531501	-	1,0,0,0
531627	+	1,0,0,0
544089	-	0,0,1,0
552365	-	0,1,0,0
553780	-	1,0,0,0
553801	+	1,0,0,0
557003	-	1,0,0,0
565303	-	1,0,0,0
576093	-	1,0,0,0
576082	+	1,0,0,0
577166	-	0,0,0,1
578143	-	1,0,0,0
581992	-	0,0,1,0
582039	-	1,0,0,0
582820	+	1,0,0,0
584886	-	1,0,0,0
594683	-	1,0,0,0
601153	+	1,0,0,0
603907	-	0,1,0,0
604675	-	0,1,0,0
605424	-	0,1,0,0
606630	-	1,0,0,0
611861	-	1,0,0,0
629080	+	1,0,0,0
632745	-	1,0,0,0
632781	+	1,0,0,0
638003	-	1,0,0,0
637853	+	1,0,0,0
637914	+	0,1,0,0
638105	+	0,1,0,0
641125	-	1,0,0,0
641148	+	1,0,0,0
644256	-	0,1,0,0
644493	-	1,0,0,0
656439	+	1,0,0,0
656473	+	0,1,0,0
657220	-	1,0,0,0
657188	+	1,0,0,0
658097	+	0,1,0,0
659513	-	1,0,0,0
661534	-	1,0,0,0
664554	-	0,1,0,0
668294	-	0,1,0,0
674067	-	0,1,0,0
674198	-	1,0,0,0
674217	+	1,0,0,0
687109	-	1,0,0,0
694214	-	0,1,0,0
694241	-	1,0,0,0
694236	+	1,0,0,0
698444	-	1,0,0,0
701230	-	0,1,0,0
702928	-	1,0,0,0
703064	+	1,0,0,0
705287	+	1,0,0,0
710051	-	0,1,0,0
710744	-	0,1,0,0
711173	-	1,0,0,0
712222	-	1,0,0,0
712075	+	1,0,0,0
723632	-	0,1,0,0
723961	-	0,0,1,0
728060	-	1,0,0,0
728296	+	1,0,0,0
732683	+	1,0,0,0
738204	+	1,0,0,0
741891	-	1,0,0,0
741938	+	1,0,0,0
754018	-	1,0,0,0
754179	+	1,0,0,0
757822	+	0,1,0,0
765121	-	1,0,0,0
770394	+	1,0,0,0
770593	+	0,1,0,0
773935	+	1,0,0,0
776935	+	0,1,0,0
779735	+	0,1,0,0
781227	+	1,0,0,0
781831	+	0,0,1,0
784684	-	1,0,0,0
784816	+	1,0,0,0
786892	-	0,1,0,0
791308	-	1,0,0,0
793036	-	0,1,0,0
793872	-	1,0,0,0
793804	+	1,0,0,0
794286	+	0,1,0,0
797680	-	1,0,0,0
797507	+	1,0,0,0
797779	+	0,1,0,0
806546	-	1,0,0,0
807151	-	0,1,0,0
808512	-	1,0,0,0
808525	+	1,0,0,0
815893	-	1,0,0,0
816138	+	1,0,0,0
819082	+	1,0,0,0
819097	+	0,1,0,0
819905	+	1,0,0,0
823746	-	1,0,0,0
820773	+	0,0,0,1
823825	+	1,0,0,0
829893	-	1,0,0,0
830007	+	1,0,0,0
831852	-	1,0,0,0
832279	+	1,0,0,0
835542	+	1,0,0,0
837775	-	1,0,0,0
841310	-	1,0,0,0
841536	+	1,0,0,0
847420	-	1,0,0,0
848173	-	1,0,0,0
849352	+	1,0,0,0
849436	+	0,1,0,0
849641	+	0,1,0,0
852269	-	1,0,0,0
852361	+	1,0,0,0
855022	-	1,0,0,0
855157	+	1,0,0,0
859687	-	0,0,1,0
862838	+	1,0,0,0
865678	-	1,0,0,0
865722	+	1,0,0,0
865757	+	0,1,0,0
877291	-	1,0,0,0
877441	+	1,0,0,0
877946	+	0,1,0,0
879741	-	1,0,0,0
879842	+	1,0,0,0
879929	+	0,1,0,0
882727	-	1,0,0,0
882794	+	1,0,0,0
886587	-	1,0,0,0
886625	+	1,0,0,0
887280	-	0,1,0,0
889215	-	1,0,0,0
889176	+	1,0,0,0
890002	-	0,1,0,0
890035	-	1,0,0,0
890116	+	1,0,0,0
892860	+	1,0,0,0
897718	+	0,1,0,0
899848	-	1,0,0,0
903065	-	1,0,0,0
903744	-	1,0,0,0
903741	+	1,0,0,0
903783	+	0,1,0,0
910298	-	1,0,0,0
913360	-	0,0,1,0
914117	-	1,0,0,0
913860	+	0,0,0,1
915453	-	1,0,0,0
915455	+	1,0,0,0
918080	-	0,0,1,0
918347	-	1,0,0,0
917961	+	1,0,0,0
922055	+	0,1,0,0
922302	+	0,0,1,0
921900	-	1,0,0,0
925232	-	0,1,0,0
925701	-	0,1,0,0
925907	-	0,1,0,0
927109	-	0,0,1,0
930220	-	1,0,0,0
931300	-	1,0,0,0
931552	+	1,0,0,0
938472	+	0,0,1,0
940111	+	1,0,0,0
944838	-	1,0,0,0
945085	+	1,0,0,0
946094	+	0,0,1,0
948880	-	1,0,0,0
948868	+	1,0,0,0
950385	-	1,0,0,0
953714	-	0,1,0,0
953725	-	1,0,0,0
955880	-	1,0,0,0
955960	+	1,0,0,0
956802	+	0,1,0,0
960304	+	1,0,0,0
960387	+	0,1,0,0
960942	+	0,0,1,0
961086	+	0,0,1,0
965819	+	1,0,0,0
969868	+	1,0,0,0
970951	+	1,0,0,0
972702	-	1,0,0,0
972732	+	1,0,0,0
973120	+	0,0,1,0
980155	+	1,0,0,0
982245	+	0,1,0,0
984966	-	0,1,0,0
986314	-	1,0,0,0
986499	+	0,0,0,1
988266	-	0,1,0,0
988366	-	0,1,0,0
989636	-	1,0,0,0
989739	+	1,0,0,0
1000214	-	0,0,0,1
1003962	+	1,0,0,0
1005036	+	0,1,0,0
1006847	-	1,0,0,0
1006544	+	1,0,0,0
1006896	+	0,1,0,0
1014874	+	1,0,0,0
1015719	-	0,1,0,0
1016572	-	0,0,1,0
1017546	-	1,0,0,0
1017068	+	1,0,0,0
1017683	+	0,1,0,0
1019409	-	0,1,0,0
1020171	-	1,0,0,0
1019525	+	0,0,0,1
1020307	+	1,0,0,0
1023603	-	1,0,0,0
1023665	+	1,0,0,0
1026263	-	0,1,0,0
1027057	-	1,0,0,0
1026972	+	1,0,0,0
1027151	+	0,1,0,0
1028088	-	0,1,0,0
1029221	-	1,0,0,0
1029186	+	1,0,0,0
1029914	-	1,0,0,0
1030676	-	1,0,0,0
1030940	-	1,0,0,0
1049925	-	1,0,0,0
1050529	+	1,0,0,0
1051170	+	1,0,0,0
1051219	+	0,1,0,0
1057206	-	1,0,0,0
1063051	-	0,1,0,0
1063055	-	1,0,0,0
1064783	+	1,0,0,0
1067122	-	1,0,0,0
1067243	+	1,0,0,0
1073322	+	1,0,0,0
1078144	-	1,0,0,0
1078393	+	1,0,0,0
1078435	+	0,1,0,0
1080521	+	1,0,0,0
1084089	+	1,0,0,0
1084133	+	0,1,0,0
1084165	+	0,1,0,0
1092064	+	1,0,0,0
1096901	-	1,0,0,0
1096982	+	1,0,0,0
1102565	-	1,0,0,0
1103150	+	1,0,0,0
1103460	+	0,0,1,0
1108345	-	1,0,0,0
1108501	+	1,0,0,0
1113435	-	1,0,0,0
1115995	+	1,0,0,0
1119831	-	1,0,0,0
1120251	-	1,0,0,0
1120729	-	1,0,0,0
1121867	-	1,0,0,0
1123303	-	1,0,0,0
1124746	+	1,0,0,0
1143951	-	0,1,0,0
1143984	-	0,1,0,0
1144096	-	1,0,0,0
1144064	+	1,0,0,0
1145923	-	1,0,0,0
1145814	+	1,0,0,0
1145873	+	0,0,1,0
1150277	+	0,0,1,0
1150800	+	0,1,0,0
1148331	-	0,0,0,1
1152505	+	1,0,0,0
1156474	+	0,0,1,0
1156850	+	0,1,0,0
1156966	-	0,0,0,1
1157080	-	0,0,0,1
1161049	+	1,0,0,0
1164168	+	0,0,1,0
1165250	+	1,0,0,0
1168084	-	1,0,0,0
1173214	-	1,0,0,0
1174624	+	1,0,0,0
1177234	+	0,0,1,0
1184883	-	1,0,0,0
1184962	+	1,0,0,0
1187488	-	0,1,0,0
1189730	-	1,0,0,0
1191910	-	0,0,1,0
1193024	-	0,1,0,0
1194150	-	1,0,0,0
1194169	+	1,0,0,0
1194185	+	0,1,0,0
1194232	+	0,1,0,0
1197500	-	1,0,0,0
1197892	+	1,0,0,0
1201407	-	1,0,0,0
1200692	+	1,0,0,0
1202183	-	1,0,0,0
1203044	-	0,0,0,1
1209553	+	1,0,0,0
1212504	-	0,1,0,0
1213335	-	1,0,0,0
1214510	-	0,0,1,0
1214976	+	1,0,0,0
1218098	-	0,0,0,1
1222319	-	1,0,0,0
1222489	+	1,0,0,0
1225362	-	0,1,0,0
1225612	-	1,0,0,0
1225677	+	1,0,0,0
1226746	+	0,1,0,0
1226728	-	1,0,0,0
1228021	+	1,0,0,0
1229688	-	1,0,0,0
1229963	+	1,0,0,0
1232278	-	1,0,0,0
1233987	-	1,0,0,0
1234129	+	1,0,0,0
1236507	-	1,0,0,0
1236733	+	1,0,0,0
1242352	-	1,0,0,0
1242352	+	1,0,0,0
1243902	+	1,0,0,0
1246644	-	1,0,0,0
1250129	-	1,0,0,0
1250230	+	1,0,0,0
1257764	-	1,0,0,0
1257962	+	1,0,0,0
1261399	-	0,0,1,0
1262748	-	0,1,0,0
1262757	-	1,0,0,0
1262535	+	1,0,0,0
1262899	+	0,1,0,0
1266405	+	0,0,1,0
1271118	-	1,0,0,0
1270714	+	1,0,0,0
1271319	+	0,1,0,0
1273108	-	1,0,0,0
1272971	+	1,0,0,0
1277076	-	1,0,0,0
1286888	-	0,1,0,0
1287977	-	0,0,1,0
1288399	-	1,0,0,0
1288330	+	1,0,0,0
1289407	+	0,1,0,0
1290528	+	0,1,0,0
1292180	-	1,0,0,0
1292717	+	1,0,0,0
1297635	-	0,1,0,0
1297890	-	0,1,0,0
1298014	-	1,0,0,0
1298696	+	1,0,0,0
1306695	-	1,0,0,0
1306788	+	1,0,0,0
1308372	-	0,1,0,0
1308915	-	1,0,0,0
1309082	+	1,0,0,0
1311721	-	1,0,0,0
1311895	+	1,0,0,0
1313451	-	0,0,1,0
1314115	-	1,0,0,0
1321368	-	1,0,0,0
1321213	+	1,0,0,0
1321790	+	0,0,1,0
1324817	+	1,0,0,0
1327250	-	1,0,0,0
1327276	+	1,0,0,0
1328737	-	1,0,0,0
1328814	+	1,0,0,0
1328905	+	0,1,0,0
1331786	+	1,0,0,0
1332949	-	0,0,0,1
1333103	+	1,0,0,0
1333115	+	0,1,0,0
1333806	+	1,0,0,0
1337213	-	0,1,0,0
1337257	-	1,0,0,0
1337334	+	1,0,0,0
1338211	+	0,1,0,0
1339895	+	1,0,0,0
1341392	-	1,0,0,0
1342660	-	1,0,0,0
1342329	+	0,0,0,1
1344866	-	1,0,0,0
1343130	+	0,0,0,1
1346964	-	0,1,0,0
1347152	-	0,0,1,0
1349144	-	1,0,0,0
1348076	+	0,0,0,1
1355435	-	0,1,0,0
1355722	-	0,1,0,0
1358990	-	1,0,0,0
1359077	+	1,0,0,0
1365967	-	1,0,0,0
1366064	+	1,0,0,0
1367687	+	0,1,0,0
1382012	-	1,0,0,0
1381943	+	1,0,0,0
1386867	-	1,0,0,0
1388646	-	0,1,0,0
1389921	-	1,0,0,0
1389677	+	1,0,0,0
1391221	+	0,1,0,0
1393996	-	1,0,0,0
1395354	+	1,0,0,0
1396682	-	0,1,0,0
1397575	-	1,0,0,0
1403774	-	0,0,1,0
1403835	-	1,0,0,0
1403979	+	1,0,0,0
1405892	-	1,0,0,0
1405986	+	1,0,0,0
1406052	+	0,1,0,0
1410476	-	1,0,0,0
1418264	-	1,0,0,0
1421745	-	0,0,0,1
1424996	-	0,0,0,1
1432551	+	1,0,0,0
1433664	-	0,1,0,0
1433714	-	1,0,0,0
1438795	-	0,0,1,0
1438868	-	1,0,0,0
1439048	+	1,0,0,0
1439800	-	1,0,0,0
1440974	-	1,0,0,0
1440988	+	1,0,0,0
1445372	-	1,0,0,0
1445368	+	1,0,0,0
1446701	+	0,0,1,0
1461535	+	1,0,0,0
1472214	+	1,0,0,0
1480927	-	1,0,0,0
1481039	+	1,0,0,0
1485192	+	1,0,0,0
1486216	+	1,0,0,0
1488776	-	1,0,0,0
1488901	+	1,0,0,0
1490144	+	0,1,0,0
1490328	-	1,0,0,0
1493139	-	0,1,0,0
1493169	-	1,0,0,0
1493290	+	1,0,0,0
1494794	+	0,1,0,0
1498494	-	1,0,0,0
1498508	+	1,0,0,0
1500453	+	0,1,0,0
1504781	+	1,0,0,0
1507161	-	1,0,0,0
1507300	+	1,0,0,0
1509621	+	1,0,0,0
1515241	-	1,0,0,0
1515637	+	1,0,0,0
1516884	-	0,1,0,0
1516899	-	1,0,0,0
1517024	+	1,0,0,0
1518159	+	0,1,0,0
1521219	+	1,0,0,0
1524117	-	1,0,0,0
1524261	+	1,0,0,0
1531898	-	1,0,0,0
1531017	+	1,0,0,0
1532024	+	1,0,0,0
1533901	-	1,0,0,0
1542169	-	1,0,0,0
1545230	-	1,0,0,0
1550735	-	0,1,0,0
1551922	-	1,0,0,0
1553762	-	1,0,0,0
1554071	-	0,1,0,0
1554362	-	1,0,0,0
1554622	+	1,0,0,0
1561219	-	1,0,0,0
1565318	-	1,0,0,0
1566873	-	1,0,0,0
1570096	-	1,0,0,0
1590503	-	1,0,0,0
1599447	-	1,0,0,0
1599455	+	1,0,0,0
1609942	-	0,1,0,0
1612750	-	1,0,0,0
1616963	-	1,0,0,0
1617118	+	1,0,0,0
1619547	-	1,0,0,0
1620612	+	1,0,0,0
1620937	-	0,1,0,0
1621900	-	0,1,0,0
1622549	-	1,0,0,0
1622582	+	1,0,0,0
1625499	-	1,0,0,0
1625516	+	1,0,0,0
1626351	+	0,1,0,0
1635869	-	1,0,0,0
1639738	-	1,0,0,0
1640445	-	0,1,0,0
1640888	-	1,0,0,0
1639856	+	1,0,0,0
1643002	-	1,0,0,0
1643924	-	1,0,0,0
1644171	+	1,0,0,0
1645142	-	1,0,0,0
1645956	+	1,0,0,0
1650993	+	0,0,0,1
1653730	-	1,0,0,0
1653703	+	1,0,0,0
1653734	+	0,1,0,0
1655730	-	1,0,0,0
1655567	+	1,0,0,0
1657261	-	0,0,0,1
1657330	-	0,0,0,1
1662191	+	1,0,0,0
1663835	-	0,0,0,1
1667964	-	1,0,0,0
1669156	-	1,0,0,0
1669923	-	0,0,0,1
1669941	+	1,0,0,0
1671801	-	1,0,0,0
1676041	-	1,0,0,0
1676031	+	1,0,0,0
1676395	+	0,1,0,0
1678786	+	1,0,0,0
1680083	-	1,0,0,0
1682258	+	1,0,0,0
1686470	-	1,0,0,0
1686576	+	1,0,0,0
1687819	+	0,1,0,0
1695097	-	0,1,0,0
1696145	-	0,1,0,0
1697509	-	1,0,0,0
1697339	+	1,0,0,0
1702354	-	1,0,0,0
1702537	+	1,0,0,0
1703242	+	0,1,0,0
1703769	+	0,1,0,0
1703364	-	0,0,0,1
1710910	-	0,0,0,1
1712377	+	1,0,0,0
1716057	-	0,1,0,0
1717716	-	1,0,0,0
1717776	+	1,0,0,0
1717856	+	0,1,0,0
1718919	-	0,1,0,0
1719315	-	0,1,0,0
1719359	-	1,0,0,0
1722703	-	0,1,0,0
1723678	-	0,0,1,0
1723968	-	1,0,0,0
1724048	+	1,0,0,0
1732212	-	1,0,0,0
1732406	+	1,0,0,0
1733350	+	1,0,0,0
1735608	-	1,0,0,0
1735713	+	1,0,0,0
1737905	+	1,0,0,0
1739226	+	1,0,0,0
1741479	-	0,1,0,0
1741527	-	1,0,0,0
1741401	+	1,0,0,0
1744187	-	1,0,0,0
1744439	+	1,0,0,0
1744698	+	0,1,0,0
1745116	+	1,0,0,0
1753188	-	1,0,0,0
1753494	+	1,0,0,0
1753625	+	0,1,0,0
1755418	-	0,0,0,1
1755408	+	1,0,0,0
1756887	-	0,1,0,0
1762523	-	1,0,0,0
1762792	-	1,0,0,0
1763168	-	1,0,0,0
1766937	-	1,0,0,0
1766761	+	1,0,0,0
1767037	+	0,1,0,0
1772596	+	1,0,0,0
1777639	-	1,0,0,0
1785184	-	1,0,0,0
1785446	+	1,0,0,0
1786409	+	1,0,0,0
1789277	-	1,0,0,0
1790179	-	1,0,0,0
1790782	-	0,1,0,0
1792166	-	0,1,0,0
1793200	-	1,0,0,0
1793744	-	0,0,1,0
1794114	-	0,0,1,0
1797143	-	0,1,0,0
1797325	-	0,1,0,0
1798842	-	0,0,1,0
1800755	-	1,0,0,0
1804193	-	1,0,0,0
1804377	+	1,0,0,0
1805400	+	0,1,0,0
1807345	-	1,0,0,0
1807304	+	1,0,0,0
1807349	+	0,1,0,0
1808907	+	1,0,0,0
1811838	+	1,0,0,0
1811880	+	0,1,0,0
1819749	-	0,1,0,0
1819771	-	1,0,0,0
1820306	-	1,0,0,0
1820453	+	1,0,0,0
1823218	-	0,0,1,0
1823341	-	0,0,1,0
1823712	-	1,0,0,0
1830062	-	1,0,0,0
1830057	+	1,0,0,0
1831939	-	0,0,0,1
1839433	-	1,0,0,0
1840330	+	1,0,0,0
1846725	-	1,0,0,0
1846817	+	1,0,0,0
1848862	+	1,0,0,0
1852909	-	1,0,0,0
1860488	-	1,0,0,0
1860551	+	1,0,0,0
1860622	+	0,1,0,0
1864529	-	1,0,0,0
1864729	+	1,0,0,0
1864772	+	0,1,0,0
1869996	+	1,0,0,0
1873603	-	1,0,0,0
1874762	+	1,0,0,0
1874902	+	0,1,0,0
1875692	+	1,0,0,0
1876807	+	0,0,1,0
1877321	-	1,0,0,0
1879872	-	1,0,0,0
1887830	-	1,0,0,0
1888583	-	0,1,0,0
1889318	-	0,1,0,0
1891278	-	1,0,0,0
1891306	+	1,0,0,0
1891361	+	0,1,0,0
1891890	+	1,0,0,0
1892042	+	0,1,0,0
1893272	-	0,1,0,0
1893674	-	1,0,0,0
1892782	+	1,0,0,0
1894788	+	0,1,0,0
1896408	+	1,0,0,0
1899795	-	1,0,0,0
1899958	+	1,0,0,0
1903487	+	1,0,0,0
1905641	-	0,1,0,0
1905817	-	1,0,0,0
1906590	-	0,1,0,0
1906815	-	1,0,0,0
1906925	+	1,0,0,0
1908162	-	1,0,0,0
1911105	-	0,0,1,0
1913606	-	0,1,0,0
1914189	-	1,0,0,0
1914259	+	1,0,0,0
1918221	+	1,0,0,0
1919752	+	1,0,0,0
1920122	+	0,1,0,0
1921229	-	1,0,0,0
1921089	+	1,0,0,0
1923088	-	1,0,0,0
1923111	+	1,0,0,0
1926744	-	1,0,0,0
1927781	-	1,0,0,0
1928439	-	0,1,0,0
1928800	-	1,0,0,0
1928882	+	1,0,0,0
1931129	-	0,0,1,0
1932711	-	1,0,0,0
1934907	-	0,1,0,0
1935182	-	1,0,0,0
1934396	+	1,0,0,0
1938251	-	1,0,0,0
1940638	-	1,0,0,0
1940615	+	1,0,0,0
1940659	+	0,1,0,0
1943474	-	0,0,1,0
1944031	-	0,1,0,0
1944117	-	1,0,0,0
1948735	-	0,1,0,0
1948844	-	1,0,0,0
1948797	+	1,0,0,0
1950261	+	0,1,0,0
1956770	-	0,0,1,0
1958005	-	1,0,0,0
1958028	+	1,0,0,0
1960389	-	0,0,0,1
1976418	-	1,0,0,0
1977745	+	1,0,0,0
1980463	-	1,0,0,0
1981920	-	0,0,1,0
1984332	-	1,0,0,0
1984772	+	1,0,0,0
1984822	+	0,1,0,0
1986025	-	1,0,0,0
1986678	+	1,0,0,0
1986707	+	0,1,0,0
1987524	-	1,0,0,0
1987680	+	1,0,0,0
1990206	-	0,1,0,0
1993426	-	1,0,0,0
1993793	+	1,0,0,0
1997531	-	0,1,0,0
1998491	-	1,0,0,0
1994905	+	0,0,0,1
2004157	+	1,0,0,0
2006143	-	1,0,0,0
2006265	+	1,0,0,0
2007827	+	1,0,0,0
2022865	-	1,0,0,0
2022952	+	1,0,0,0
2023333	-	1,0,0,0
2027412	-	1,0,0,0
2030364	-	0,1,0,0
2031440	-	0,0,1,0
2032050	+	1,0,0,0
2033656	+	1,0,0,0
2033805	+	0,1,0,0
2036846	-	1,0,0,0
2036963	+	1,0,0,0
2037437	+	0,1,0,0
2039352	-	0,0,0,1
2039365	+	1,0,0,0
2040840	+	0,0,1,0
2041589	-	0,1,0,0
2041633	-	1,0,0,0
2041440	+	1,0,0,0
2041629	+	0,1,0,0
2051591	+	1,0,0,0
2054823	+	1,0,0,0
2056136	-	0,1,0,0
2057713	-	1,0,0,0
2058963	-	1,0,0,0
2057866	+	1,0,0,0
2060253	-	1,0,0,0
2061388	-	1,0,0,0
2063870	-	0,1,0,0
2064010	-	1,0,0,0
2066205	-	0,1,0,0
2066506	-	1,0,0,0
2066009	+	1,0,0,0
2068269	+	1,0,0,0
2076379	+	1,0,0,0
2077697	-	0,0,1,0
2077852	-	0,0,1,0
2079349	-	1,0,0,0
2080748	+	1,0,0,0
2083575	-	1,0,0,0
2085260	-	1,0,0,0
2086512	-	0,0,1,0
2087756	-	1,0,0,0
2087990	+	1,0,0,0
2096354	-	0,1,0,0
2099348	-	1,0,0,0
2111256	-	1,0,0,0
2112375	-	1,0,0,0
2135847	+	1,0,0,0
2135888	+	0,1,0,0
2140302	-	0,1,0,0
2141027	-	1,0,0,0
2141257	+	1,0,0,0
2145677	+	1,0,0,0
2151336	+	1,0,0,0
2151671	+	0,1,0,0
2152028	+	1,0,0,0
2162271	+	0,0,1,0
2163157	+	1,0,0,0
2163301	+	0,0,1,0
2165138	+	0,1,0,0
2165571	-	0,1,0,0
2166370	-	1,0,0,0
2166710	+	1,0,0,0
2175255	-	1,0,0,0
2176651	-	1,0,0,0
2183472	-	0,1,0,0
2183831	-	1,0,0,0
2183889	+	1,0,0,0
2184885	+	1,0,0,0
2184936	+	0,1,0,0
2190864	-	0,1,0,0
2190899	-	1,0,0,0
2192221	-	1,0,0,0
2192292	+	1,0,0,0
2212693	-	1,0,0,0
2212863	+	1,0,0,0
2217544	-	1,0,0,0
2213660	+	1,0,0,0
2220161	-	1,0,0,0
2220177	+	1,0,0,0
2222962	-	0,1,0,0
2223685	-	1,0,0,0
2223800	+	1,0,0,0
2225319	-	1,0,0,0
2226981	+	1,0,0,0
2228482	-	1,0,0,0
2228518	+	1,0,0,0
2229216	+	0,0,1,0
2229689	+	0,0,1,0
2231997	+	1,0,0,0
2238588	-	0,1,0,0
2239731	-	1,0,0,0
2241820	-	1,0,0,0
2241782	+	1,0,0,0
2241904	+	0,1,0,0
2244952	-	1,0,0,0
2246581	-	0,1,0,0
2246659	-	1,0,0,0
2247562	-	0,0,1,0
2247989	-	1,0,0,0
2248002	+	1,0,0,0
2260462	-	0,0,1,0
2261616	-	1,0,0,0
2263049	+	1,0,0,0
2264249	+	1,0,0,0
2265820	+	1,0,0,0
2267833	+	1,0,0,0
2270336	+	1,0,0,0
2271923	+	0,0,1,0
2276419	-	0,1,0,0
2276487	-	1,0,0,0
2276510	+	0,0,0,1
2278565	-	1,0,0,0
2280463	+	1,0,0,0
2281989	-	1,0,0,0
2281986	+	1,0,0,0
2284228	+	0,1,0,0
2288387	+	1,0,0,0
2301599	-	1,0,0,0
2290247	+	0,0,0,1
2301883	+	1,0,0,0
2302042	+	0,0,1,0
2304827	-	1,0,0,0
2306689	-	1,0,0,0
2310849	-	0,1,0,0
2311161	-	1,0,0,0
2311107	+	1,0,0,0
2311440	+	1,0,0,0
2313642	+	0,0,1,0
2318150	-	0,1,0,0
2319134	-	1,0,0,0
2325524	-	0,0,1,0
2337479	-	1,0,0,0
2337562	+	1,0,0,0
2342781	+	1,0,0,0
2345087	+	0,0,1,0
2347544	-	1,0,0,0
2350472	-	1,0,0,0
2350631	+	1,0,0,0
2355575	+	1,0,0,0
2361676	-	1,0,0,0
2362467	-	1,0,0,0
2363708	+	1,0,0,0
2363836	+	0,1,0,0
2370293	+	0,0,1,0
2371593	-	1,0,0,0
2375024	-	0,0,1,0
2378686	-	0,1,0,0
2379074	-	0,1,0,0
2379584	-	1,0,0,0
2379605	+	1,0,0,0
2380465	+	0,0,1,0
2383427	+	0,0,0,1
2403399	-	1,0,0,0
2403463	+	0,0,0,1
2403835	-	0,0,1,0
2403849	-	0,0,1,0
2404841	-	1,0,0,0
2405532	+	1,0,0,0
2409400	-	1,0,0,0
2410667	-	0,1,0,0
2411776	-	1,0,0,0
2411270	+	1,0,0,0
2418531	-	1,0,0,0
2418615	+	1,0,0,0
2419322	+	0,1,0,0
2424858	-	0,1,0,0
2425959	-	1,0,0,0
2428820	-	0,1,0,0
2430039	-	0,0,1,0
2430054	-	0,0,1,0
2431997	-	0,1,0,0
2432294	-	0,0,1,0
2433345	-	0,0,1,0
2434913	-	0,0,1,0
2435910	-	1,0,0,0
2435932	+	1,0,0,0
2439662	-	1,0,0,0
2439762	+	1,0,0,0
2446493	-	1,0,0,0
2446472	+	1,0,0,0
2447737	-	0,0,1,0
2448062	-	1,0,0,0
2454937	-	0,1,0,0
2458530	-	1,0,0,0
2458846	-	0,0,1,0
2459284	-	1,0,0,0
2459228	+	1,0,0,0
2463106	-	0,1,0,0
2463156	-	0,1,0,0
2463234	-	1,0,0,0
2463297	+	1,0,0,0
2464327	+	0,1,0,0
2465330	+	0,0,1,0
2468754	-	0,0,0,1
2468749	+	1,0,0,0
2474296	+	1,0,0,0
2481653	+	1,0,0,0
2486314	-	0,0,0,1
2493355	-	1,0,0,0
2493516	+	1,0,0,0
2494798	+	1,0,0,0
2496377	-	1,0,0,0
2497916	+	0,0,1,0
2507953	-	1,0,0,0
2507478	+	1,0,0,0
2508984	+	1,0,0,0
2510874	-	1,0,0,0
2511032	+	1,0,0,0
2515988	-	1,0,0,0
2516277	-	1,0,0,0
2516430	+	1,0,0,0
2518794	-	0,1,0,0
2518805	-	1,0,0,0
2518943	+	1,0,0,0
2520586	-	1,0,0,0
2523352	+	0,0,1,0
2523618	+	0,0,1,0
2524949	+	1,0,0,0
2529573	-	1,0,0,0
2529447	+	1,0,0,0
2530366	+	1,0,0,0
2531624	+	0,1,0,0
2533475	+	0,0,1,0
2533633	+	0,0,1,0
2535340	-	1,0,0,0
2535330	+	1,0,0,0
2535613	+	0,0,1,0
2541579	-	1,0,0,0
2542692	-	0,1,0,0
2543696	-	1,0,0,0
2543669	+	1,0,0,0
2550184	-	1,0,0,0
2550268	+	1,0,0,0
2556832	-	0,1,0,0
2556859	-	1,0,0,0
2555335	+	0,0,0,1
2561603	+	1,0,0,0
2562029	+	0,0,1,0
2576520	-	0,1,0,0
2576815	-	1,0,0,0
2576541	+	1,0,0,0
2583591	+	1,0,0,0
2588991	-	1,0,0,0
2588915	+	1,0,0,0
2594785	-	0,1,0,0
2595803	-	0,1,0,0
2597805	-	1,0,0,0
2597902	+	1,0,0,0
2613937	-	1,0,0,0
2613843	+	1,0,0,0
2614049	+	0,1,0,0
2618930	-	1,0,0,0
2619053	+	1,0,0,0
2619176	+	0,1,0,0
2621000	+	0,1,0,0
2627275	+	1,0,0,0
2627807	+	1,0,0,0
2628344	+	1,0,0,0
2632128	-	1,0,0,0
2632220	+	1,0,0,0
2638663	-	0,1,0,0
2642935	-	0,1,0,0
2650346	-	1,0,0,0
2650491	+	1,0,0,0
2651476	-	1,0,0,0
2651558	+	1,0,0,0
2651798	-	1,0,0,0
2651860	+	1,0,0,0
2651880	+	0,1,0,0
2660221	-	0,1,0,0
2659789	+	0,0,0,1
2661368	-	1,0,0,0
2661373	+	1,0,0,0
2661428	+	0,1,0,0
2663437	+	1,0,0,0
2666989	-	1,0,0,0
2671344	+	1,0,0,0
2683593	-	1,0,0,0
2683820	+	1,0,0,0
2689144	-	1,0,0,0
2689362	-	1,0,0,0
2693610	-	1,0,0,0
2696613	-	1,0,0,0
2696443	+	1,0,0,0
2696730	+	0,1,0,0
2698397	-	1,0,0,0
2698543	+	1,0,0,0
2699834	-	0,1,0,0
2708110	-	0,1,0,0
2708251	-	0,1,0,0
2708359	-	1,0,0,0
2704995	+	0,0,0,1
2705130	+	0,0,0,1
2708415	+	1,0,0,0
2710823	-	1,0,0,0
2710901	+	1,0,0,0
2713701	+	1,0,0,0
2713811	+	0,0,1,0
2714542	-	1,0,0,0
2714709	+	1,0,0,0
2716575	-	0,1,0,0
2716688	-	1,0,0,0
2716707	+	1,0,0,0
2717954	+	0,1,0,0
2720140	+	0,0,1,0
2723832	-	1,0,0,0
2723858	+	0,0,0,1
2729355	-	0,1,0,0
2729470	-	1,0,0,0
2732316	-	0,1,0,0
2734995	-	1,0,0,0
2733983	+	1,0,0,0
2734093	+	0,1,0,0
2735112	+	1,0,0,0
2735147	+	0,1,0,0
2735603	+	0,1,0,0
2739222	-	1,0,0,0
2739371	+	1,0,0,0
2739845	+	0,1,0,0
2744275	-	0,1,0,0
2745875	-	1,0,0,0
2748767	-	1,0,0,0
2748732	+	1,0,0,0
2748788	+	0,1,0,0
2751491	+	0,1,0,0
2752769	-	1,0,0,0
2752855	+	1,0,0,0
2753608	+	0,1,0,0
2754156	+	1,0,0,0
2756679	-	1,0,0,0
2763486	-	0,1,0,0
2763503	-	1,0,0,0
2763919	+	1,0,0,0
2764660	+	0,0,1,0
2765415	-	0,1,0,0
2765476	-	0,0,0,1
2770027	-	0,0,1,0
2771238	-	1,0,0,0
2771309	+	1,0,0,0
2773667	-	0,0,0,1
2779622	-	0,0,1,0
2786888	-	0,0,0,1
2786950	+	1,0,0,0
2788933	+	0,0,1,0
2794834	-	0,0,1,0
2795106	-	1,0,0,0
2795126	+	1,0,0,0
2796578	-	1,0,0,0
2798113	-	1,0,0,0
2798143	+	1,0,0,0
2798679	+	1,0,0,0
2800958	-	0,0,0,1
2802772	+	1,0,0,0
2807592	+	1,0,0,0
2813087	-	0,0,1,0
2814684	-	0,0,1,0
2814896	-	0,0,1,0
2816722	-	1,0,0,0
2812825	+	1,0,0,0
2817294	-	0,1,0,0
2820111	-	1,0,0,0
2821839	-	0,1,0,0
2822380	-	0,1,0,0
2822435	-	1,0,0,0
2823628	-	1,0,0,0
2823814	+	1,0,0,0
2827011	+	1,0,0,0
2830331	-	1,0,0,0
2837307	-	1,0,0,0
2850801	+	0,0,1,0
2851496	+	0,0,1,0
2855047	+	1,0,0,0
2859277	-	1,0,0,0
2859416	+	1,0,0,0
2860457	+	0,0,1,0
2866139	-	0,0,1,0
2868640	-	0,0,1,0
2870922	-	0,1,0,0
2871409	-	0,0,1,0
2874391	-	1,0,0,0
2889984	-	1,0,0,0
2890213	+	1,0,0,0
2903463	-	1,0,0,0
2907741	-	0,1,0,0
2911851	-	0,0,1,0
2912299	-	0,0,1,0
2913050	-	1,0,0,0
2912783	+	1,0,0,0
2912986	+	0,1,0,0
2922545	-	0,1,0,0
2923334	-	1,0,0,0
2923342	+	1,0,0,0
2924295	+	0,1,0,0
2926125	+	1,0,0,0
2928907	+	1,0,0,0
2929057	+	0,1,0,0
2931244	-	0,0,1,0
2936741	+	0,0,1,0
2941234	-	1,0,0,0
2941214	+	1,0,0,0
2945280	-	1,0,0,0
2945232	+	1,0,0,0
2945405	+	0,1,0,0
2947206	-	1,0,0,0
2947199	+	1,0,0,0
2961275	-	1,0,0,0
2967008	-	1,0,0,0
2967687	+	1,0,0,0
2969261	+	1,0,0,0
2969588	+	0,1,0,0
2972581	-	0,0,1,0
2974071	-	1,0,0,0
2974210	-	1,0,0,0
2974406	-	1,0,0,0
2974592	+	1,0,0,0
2976948	-	1,0,0,0
2978731	-	1,0,0,0
2980231	-	1,0,0,0
2982208	-	1,0,0,0
2983634	-	1,0,0,0
2997090	-	1,0,0,0
2998276	-	1,0,0,0
3003868	-	1,0,0,0
3013241	-	1,0,0,0
3013081	+	1,0,0,0
3023691	-	0,0,0,1
3031064	+	1,0,0,0
3034346	-	0,1,0,0
3037818	-	1,0,0,0
3037845	+	1,0,0,0
3039284	-	1,0,0,0
3039305	+	1,0,0,0
3041214	-	1,0,0,0
3041675	-	1,0,0,0
3041662	+	1,0,0,0
3048797	-	1,0,0,0
3053494	-	1,0,0,0
3053512	+	1,0,0,0
3053782	+	0,0,1,0
3053997	+	0,1,0,0
3054874	+	1,0,0,0
3056477	-	1,0,0,0
3057374	-	1,0,0,0
3057479	-	1,0,0,0
3057752	+	1,0,0,0
3065038	+	0,0,0,1
3066148	-	0,1,0,0
3066857	-	0,1,0,0
3067893	-	1,0,0,0
3071844	-	0,1,0,0
3071964	-	0,1,0,0
3072186	-	0,0,1,0
3073251	-	0,0,1,0
3079736	-	1,0,0,0
3079870	+	1,0,0,0
3084431	-	1,0,0,0
3084590	+	1,0,0,0
3086213	+	1,0,0,0
3089131	+	1,0,0,0
3089520	+	0,0,1,0
3093084	+	1,0,0,0
3101123	-	1,0,0,0
3101011	+	1,0,0,0
3101492	+	0,0,1,0
3101997	-	0,0,0,1
3103674	+	1,0,0,0
3107280	-	1,0,0,0
3107550	+	1,0,0,0
3108325	+	0,1,0,0
3111970	-	0,0,1,0
3117301	-	1,0,0,0
3109249	+	0,0,0,1
3126098	-	1,0,0,0
3119008	+	0,0,0,1
3126226	+	1,0,0,0
3136631	-	1,0,0,0
3136723	+	1,0,0,0
3139525	-	0,0,1,0
3141024	-	0,0,1,0
3144309	-	1,0,0,0
3145788	-	1,0,0,0
3145885	+	1,0,0,0
3147517	-	1,0,0,0
3147659	+	1,0,0,0
3150037	-	1,0,0,0
3150231	+	1,0,0,0
3153211	-	1,0,0,0
3153326	+	1,0,0,0
3154551	+	0,1,0,0
3156212	-	0,0,0,1
3160938	-	0,0,1,0
3164042	-	1,0,0,0
3160727	+	0,0,0,1
3165767	-	1,0,0,0
3166583	-	1,0,0,0
3167730	-	1,0,0,0
3170527	+	1,0,0,0
3171143	+	0,1,0,0
3175050	-	0,0,1,0
3175536	-	0,0,1,0
3176320	-	0,1,0,0
3176375	-	1,0,0,0
3175889	+	1,0,0,0
3177740	+	1,0,0,0
3180447	+	1,0,0,0
3182739	-	1,0,0,0
3182821	+	1,0,0,0
3182836	+	0,1,0,0
3190025	-	1,0,0,0
3192886	-	1,0,0,0
3193261	-	0,1,0,0
3197822	-	0,0,1,0
3199058	-	1,0,0,0
3199108	+	1,0,0,0
3199889	+	0,1,0,0
3202658	-	1,0,0,0
3202607	+	1,0,0,0
3202678	+	0,1,0,0
3208806	-	1,0,0,0
3208669	+	1,0,0,0
3208739	+	0,1,0,0
3210497	+	0,0,1,0
3214528	-	1,0,0,0
3217482	+	1,0,0,0
3219276	-	1,0,0,0
3219460	+	1,0,0,0
3229647	+	1,0,0,0
3233942	-	1,0,0,0
3235305	+	1,0,0,0
3236397	+	0,1,0,0
3237886	+	1,0,0,0
3239800	-	1,0,0,0
3241632	-	0,0,1,0
3242808	-	1,0,0,0
3244647	+	1,0,0,0
3245628	+	1,0,0,0
3246911	+	1,0,0,0
3249007	+	0,1,0,0
3250286	+	1,0,0,0
3252301	-	1,0,0,0
3268614	-	1,0,0,0
3273258	+	1,0,0,0
3274995	+	1,0,0,0
3276344	-	0,0,1,0
3276345	-	0,0,1,0
3276726	-	1,0,0,0
3287927	-	0,0,0,1
3291590	-	1,0,0,0
3291392	+	1,0,0,0
3296165	-	1,0,0,0
3296933	-	1,0,0,0
3296931	+	1,0,0,0
3297957	-	1,0,0,0
3299633	-	1,0,0,0
3301454	+	1,0,0,0
3303881	-	1,0,0,0
3306720	-	0,0,1,0
3309808	-	0,1,0,0
3316197	-	1,0,0,0
3311057	+	0,0,0,1
3316396	-	1,0,0,0
3316219	+	1,0,0,0
3316583	+	0,1,0,0
3318317	-	0,0,1,0
3318394	-	1,0,0,0
3320612	-	0,1,0,0
3326358	-	0,0,1,0
3326873	-	1,0,0,0
3325782	+	1,0,0,0
3326959	+	1,0,0,0
3328704	-	0,0,1,0
3328983	-	0,0,1,0
3331538	-	1,0,0,0
3331535	+	1,0,0,0
3334685	-	0,0,1,0
3338265	-	1,0,0,0
3338234	+	1,0,0,0
3346448	+	1,0,0,0
3351070	-	1,0,0,0
3348600	+	1,0,0,0
3352084	+	1,0,0,0
3352534	+	0,1,0,0
3364973	+	1,0,0,0
3365790	-	0,0,0,1
3367876	-	0,0,1,0
3372539	-	1,0,0,0
3375587	-	1,0,0,0
3376829	-	1,0,0,0
3378080	-	1,0,0,0
3378149	+	1,0,0,0
3378676	+	0,1,0,0
3382493	-	1,0,0,0
3382700	+	1,0,0,0
3384190	-	1,0,0,0
3386966	+	1,0,0,0
3390155	-	1,0,0,0
3396369	-	0,0,1,0
3399376	-	0,1,0,0
3401444	-	1,0,0,0
3401253	+	1,0,0,0
3403162	+	1,0,0,0
3405354	+	1,0,0,0
3408269	+	1,0,0,0
3410612	+	1,0,0,0
3416941	+	1,0,0,0
3421560	-	0,1,0,0
3426961	-	0,1,0,0
3427070	-	1,0,0,0
3427234	+	1,0,0,0
3429996	-	0,1,0,0
3430624	-	0,0,1,0
3431654	-	1,0,0,0
3431673	+	1,0,0,0
3436024	+	1,0,0,0
3437149	-	0,1,0,0
3437559	-	1,0,0,0
3440586	-	0,0,1,0
3446245	-	0,1,0,0
3446474	-	0,0,1,0
3451463	-	1,0,0,0
3464769	-	0,1,0,0
3465021	-	1,0,0,0
3465002	+	0,0,0,1
3472641	-	0,1,0,0
3474528	-	0,0,1,0
3474562	-	0,1,0,0
3475489	-	0,1,0,0
3475547	-	1,0,0,0
3475495	+	1,0,0,0
3476580	-	0,1,0,0
3479257	-	1,0,0,0
3479241	+	1,0,0,0
3482000	+	0,0,1,0
3483973	-	1,0,0,0
3483976	+	1,0,0,0
3488243	-	0,1,0,0
3489669	-	1,0,0,0
3490397	-	1,0,0,0
3490543	+	1,0,0,0
3492010	+	1,0,0,0
3495493	+	0,0,1,0
3495770	+	0,0,1,0
3497463	+	1,0,0,0
3502048	+	1,0,0,0
3510388	-	1,0,0,0
3514007	-	0,1,0,0
3515620	-	0,0,1,0
3517188	-	0,1,0,0
3517402	-	1,0,0,0
3520847	+	1,0,0,0
3524253	-	1,0,0,0
3524260	+	1,0,0,0
3530702	+	1,0,0,0
3534971	-	1,0,0,0
3534660	+	1,0,0,0
3538081	+	1,0,0,0
3542896	-	1,0,0,0
3543205	+	1,0,0,0
3544428	+	1,0,0,0
3550531	-	1,0,0,0
3550761	+	1,0,0,0
3556154	-	1,0,0,0
3559882	-	1,0,0,0
3559930	+	1,0,0,0
3564026	-	0,0,1,0
3572960	-	1,0,0,0
3572683	+	1,0,0,0
3575665	-	0,1,0,0
3576834	-	1,0,0,0
3576860	+	0,0,0,1
3578851	-	1,0,0,0
3579038	-	1,0,0,0
3584876	-	1,0,0,0
3584944	+	1,0,0,0
3586368	-	0,0,1,0
3590448	-	1,0,0,0
3595767	-	1,0,0,0
3597784	-	1,0,0,0
3598885	-	0,1,0,0
3599026	-	0,1,0,0
3602401	-	1,0,0,0
3602351	+	1,0,0,0
3603631	-	1,0,0,0
3603724	+	1,0,0,0
3604465	+	1,0,0,0
3607043	-	1,0,0,0
3607144	+	1,0,0,0
3607941	+	0,1,0,0
3609781	-	1,0,0,0
3609872	+	1,0,0,0
3616561	+	1,0,0,0
3617186	-	0,0,0,1
3628951	-	1,0,0,0
3635459	-	0,1,0,0
3635526	-	1,0,0,0
3635428	+	1,0,0,0
3635602	+	0,1,0,0
3637868	-	1,0,0,0
3637961	+	1,0,0,0
3638008	+	0,1,0,0
3638862	+	1,0,0,0
3643271	-	1,0,0,0
3643348	+	1,0,0,0
3646004	-	1,0,0,0
3651972	+	1,0,0,0
3654813	-	1,0,0,0
3654984	+	1,0,0,0
3655824	+	1,0,0,0
3662644	-	0,1,0,0
3663863	-	1,0,0,0
3662800	+	1,0,0,0
3662888	+	0,0,1,0
3663873	+	1,0,0,0
3665630	-	1,0,0,0
3667573	+	1,0,0,0
3667594	+	0,1,0,0
3671355	+	1,0,0,0
3672783	+	1,0,0,0
3676402	-	1,0,0,0
3677320	+	1,0,0,0
3681520	-	1,0,0,0
3683669	-	0,1,0,0
3684225	-	0,0,1,0
3684327	-	0,0,1,0
3694386	-	1,0,0,0
3694375	+	1,0,0,0
3694421	+	0,1,0,0
3698118	-	1,0,0,0
3698160	+	1,0,0,0
3705893	-	1,0,0,0
3705911	+	1,0,0,0
3706720	-	1,0,0,0
3706874	-	0,0,1,0
3708605	-	1,0,0,0
3711033	-	1,0,0,0
3710766	+	1,0,0,0
3714534	-	1,0,0,0
3714524	+	1,0,0,0
3715311	+	1,0,0,0
3717119	-	1,0,0,0
3717455	+	1,0,0,0
3717912	+	1,0,0,0
3720573	-	0,0,1,0
3722588	-	0,0,1,0
3723376	-	1,0,0,0
3723815	-	1,0,0,0
3727986	-	0,0,1,0
3728855	-	1,0,0,0
3729093	+	1,0,0,0
3730805	-	0,0,0,1
3735263	-	1,0,0,0
3737698	+	1,0,0,0
3739861	-	0,0,1,0
3740562	-	1,0,0,0
3750015	+	1,0,0,0
3754557	-	1,0,0,0
3757964	-	0,0,1,0
3759998	-	1,0,0,0
3764113	-	0,0,0,1
3769833	-	1,0,0,0
3770213	+	1,0,0,0
3774468	-	0,1,0,0
3774659	-	1,0,0,0
3774678	+	1,0,0,0
3775313	+	1,0,0,0
3779223	+	1,0,0,0
3782990	-	0,0,1,0
3783076	-	1,0,0,0
3783004	+	1,0,0,0
3785975	+	0,0,1,0
3788898	-	0,0,1,0
3790148	-	0,0,1,0
3790693	-	1,0,0,0
3791706	-	1,0,0,0
3791777	+	1,0,0,0
3803853	-	0,0,1,0
3806261	-	1,0,0,0
3806532	+	1,0,0,0
3807433	+	0,0,1,0
3809199	-	1,0,0,0
3810018	-	0,0,1,0
3810599	-	1,0,0,0
3810725	+	1,0,0,0
3813796	-	0,1,0,0
3814602	-	1,0,0,0
3814672	+	1,0,0,0
3819410	+	1,0,0,0
3820118	-	0,0,0,1
3827176	-	1,0,0,0
3826944	+	1,0,0,0
3828455	+	1,0,0,0
3834221	+	1,0,0,0
3834246	+	0,1,0,0
3836237	+	1,0,0,0
3838038	-	1,0,0,0
3841933	+	1,0,0,0
3848767	-	0,1,0,0
3851039	-	1,0,0,0
3851279	-	1,0,0,0
3851361	+	1,0,0,0
3854436	-	1,0,0,0
3854419	+	1,0,0,0
3858277	+	1,0,0,0
3864366	-	1,0,0,0
3865540	-	1,0,0,0
3865552	+	1,0,0,0
3865632	+	0,1,0,0
3867325	-	1,0,0,0
3875518	-	1,0,0,0
3878174	-	0,0,1,0
3881903	-	0,1,0,0
3881983	-	1,0,0,0
3882138	+	1,0,0,0
3882264	+	0,1,0,0
3884775	+	1,0,0,0
3886435	+	1,0,0,0
3891744	-	0,0,0,1
3891867	-	0,0,0,1
3894661	-	1,0,0,0
3902442	+	0,0,0,1
3909591	-	1,0,0,0
3912383	-	0,0,1,0
3913243	-	1,0,0,0
3920547	-	1,0,0,0
3920628	+	0,0,0,1
3921731	-	1,0,0,0
3921364	+	0,0,0,1
3923702	-	0,1,0,0
3924499	-	1,0,0,0
3925156	+	1,0,0,0
3929152	-	1,0,0,0
3929127	+	1,0,0,0
3931350	+	1,0,0,0
3931419	+	0,0,1,0
3933993	+	0,0,1,0
3939376	-	1,0,0,0
3939537	+	1,0,0,0
3939655	+	0,1,0,0
3946339	-	0,1,0,0
3946564	-	0,0,1,0
3946053	+	1,0,0,0
3946074	+	0,1,0,0
3948314	+	1,0,0,0
3955886	-	1,0,0,0
3955940	+	1,0,0,0
3957863	-	0,1,0,0
3958002	-	1,0,0,0
3958674	+	1,0,0,0
3963653	-	1,0,0,0
3963397	+	1,0,0,0
3963674	+	0,1,0,0
3967910	+	0,0,1,0
3978847	+	1,0,0,0
3980189	+	0,0,1,0
3980386	+	0,1,0,0
3984325	+	1,0,0,0
3984456	+	0,1,0,0
3988961	-	1,0,0,0
3988798	+	1,0,0,0
3988976	+	0,1,0,0
3989023	+	0,1,0,0
3992105	-	1,0,0,0
3992515	+	1,0,0,0
3999090	+	1,0,0,0
4002738	-	1,0,0,0
4002777	+	1,0,0,0
4002801	+	0,1,0,0
4007095	-	1,0,0,0
4007049	+	1,0,0,0
4007125	+	0,1,0,0
4010877	-	1,0,0,0
4010910	+	1,0,0,0
4014225	-	0,1,0,0
4014248	-	1,0,0,0
4014023	+	1,0,0,0
4015323	+	1,0,0,0
4016852	+	0,1,0,0
4019787	+	0,0,1,0
4022895	-	0,1,0,0
4023070	-	1,0,0,0
4022836	+	1,0,0,0
4022996	+	0,1,0,0
4029035	-	1,0,0,0
4029074	+	1,0,0,0
4029154	+	0,1,0,0
4032414	+	0,0,1,0
4033260	+	1,0,0,0
4033379	+	0,1,0,0
4040164	-	1,0,0,0
4040071	+	1,0,0,0
4041276	+	0,0,1,0
4044649	-	1,0,0,0
4044453	+	1,0,0,0
4047923	+	0,1,0,0
4048816	-	1,0,0,0
4048850	+	1,0,0,0
4049060	+	0,1,0,0
4049331	+	1,0,0,0
4049347	+	0,1,0,0
4051800	-	0,1,0,0
4054548	-	0,1,0,0
4056129	-	0,1,0,0
4056242	-	1,0,0,0
4056350	+	1,0,0,0
4068562	+	0,0,0,1
4071653	-	1,0,0,0
4072669	+	1,0,0,0
4077735	+	1,0,0,0
4079383	-	0,0,1,0
4083984	-	1,0,0,0
4083962	+	1,0,0,0
4091032	+	0,0,0,1
4092180	+	0,0,0,1
4098783	+	1,0,0,0
4099647	+	1,0,0,0
4100810	+	1,0,0,0
4103708	-	0,1,0,0
4103983	-	0,1,0,0
4104056	-	1,0,0,0
4103809	+	1,0,0,0
4104473	+	1,0,0,0
4104886	+	0,0,1,0
4105069	+	0,0,1,0
4106829	+	1,0,0,0
4107901	+	1,0,0,0
4109592	-	0,1,0,0
4110259	-	1,0,0,0
4110201	+	1,0,0,0
4110369	+	0,0,1,0
4110952	+	0,1,0,0
4112519	-	1,0,0,0
4115630	-	0,0,1,0
4116183	-	1,0,0,0
4114887	+	0,0,0,1
4116451	+	1,0,0,0
4117378	-	0,1,0,0
4122532	-	1,0,0,0
4120312	+	0,0,0,1
4124878	+	1,0,0,0
4124935	+	0,1,0,0
4126552	-	0,1,0,0
4126579	-	1,0,0,0
4126659	+	1,0,0,0
4130574	+	1,0,0,0
4131769	+	0,1,0,0
4131789	-	0,0,0,1
4148377	-	0,1,0,0
4151210	-	1,0,0,0
4152922	-	0,1,0,0
4153217	-	1,0,0,0
4152907	+	1,0,0,0
4156480	+	0,1,0,0
4158844	-	0,1,0,0
4159080	-	1,0,0,0
4158869	+	1,0,0,0
4159103	+	0,1,0,0
4159482	+	0,0,1,0
4160946	-	0,0,1,0
4161304	-	1,0,0,0
4161423	+	1,0,0,0
4164388	+	1,0,0,0
4164507	+	0,1,0,0
4170058	+	1,0,0,0
4173129	-	1,0,0,0
4173405	+	1,0,0,0
4175201	+	0,1,0,0
4176378	+	0,1,0,0
4177647	+	0,1,0,0
4188340	-	0,0,0,1
4188509	-	0,0,1,0
4188662	-	0,1,0,0
4194323	-	0,1,0,0
4194884	-	0,1,0,0
4194975	-	1,0,0,0
4194709	+	1,0,0,0
4198200	+	0,1,0,0
4205592	-	1,0,0,0
4205883	+	1,0,0,0
4205996	+	0,1,0,0
4212435	-	1,0,0,0
4211241	+	1,0,0,0
4212257	+	1,0,0,0
4213428	+	1,0,0,0
4221675	-	1,0,0,0
4221808	+	1,0,0,0
4225622	+	1,0,0,0
4228301	-	1,0,0,0
4228359	+	1,0,0,0
4231543	-	1,0,0,0
4231228	+	1,0,0,0
4231355	+	0,1,0,0
4238324	+	1,0,0,0
4244487	-	1,0,0,0
4244761	+	1,0,0,0
4248581	-	0,0,0,1
4250506	+	1,0,0,0
4254621	-	1,0,0,0
4254377	+	1,0,0,0
4254481	+	0,1,0,0
4257203	+	1,0,0,0
4258053	-	1,0,0,0
4259615	+	1,0,0,0
4262326	-	1,0,0,0
4262306	+	1,0,0,0
4265106	+	0,1,0,0
4267385	+	1,0,0,0
4268032	+	0,0,1,0
4271955	-	1,0,0,0
4272107	+	1,0,0,0
4272122	+	0,1,0,0
4273427	+	1,0,0,0
4275445	-	1,0,0,0
4275470	+	1,0,0,0
4276123	-	1,0,0,0
4276342	+	1,0,0,0
4277940	+	1,0,0,0
4285413	-	1,0,0,0
4285306	+	0,0,0,1
4292397	+	1,0,0,0
4295171	-	1,0,0,0
4311041	-	1,0,0,0
4311282	+	1,0,0,0
4311922	+	0,0,1,0
4323788	-	1,0,0,0
4324856	-	1,0,0,0
4328431	+	1,0,0,0
4332313	-	1,0,0,0
4336019	-	1,0,0,0
4339667	-	1,0,0,0
4339911	+	1,0,0,0
4347282	+	0,0,0,1
4349837	+	1,0,0,0
4352758	-	1,0,0,0
4361352	-	0,1,0,0
4363413	-	1,0,0,0
4364855	-	1,0,0,0
4366454	-	1,0,0,0
4364917	+	0,0,0,1
4366627	+	1,0,0,0
4368477	-	1,0,0,0
4368640	+	1,0,0,0
4370787	+	1,0,0,0
4373725	-	0,1,0,0
4374048	-	1,0,0,0
4373589	+	1,0,0,0
4373679	+	0,1,0,0
4374534	+	0,1,0,0
4375770	-	1,0,0,0
4380437	-	0,1,0,0
4380502	-	1,0,0,0
4380523	+	1,0,0,0
4380641	+	0,1,0,0
4389611	-	1,0,0,0
4389552	+	1,0,0,0
4390243	+	0,1,0,0
4390333	+	0,1,0,0
4392114	-	1,0,0,0
4391701	+	1,0,0,0
4393202	+	0,0,1,0
4395124	+	0,0,1,0
4396857	+	0,0,1,0
4397076	+	0,0,1,0
4397825	+	0,0,1,0
4402689	+	0,1,0,0
4404192	+	0,1,0,0
4412273	+	1,0,0,0
4414786	-	0,0,1,0
4414891	-	1,0,0,0
4414916	+	1,0,0,0
4416950	-	0,0,1,0
4417661	-	1,0,0,0
4422865	-	1,0,0,0
4423049	+	1,0,0,0
4424000	-	0,0,0,1
4426765	-	0,1,0,0
4426926	-	1,0,0,0
4426931	+	1,0,0,0
4427753	-	0,0,0,1
4427804	+	1,0,0,0
4431140	-	0,1,0,0
4432074	-	1,0,0,0
4432107	+	1,0,0,0
4434652	-	1,0,0,0
4434588	+	1,0,0,0
4437332	-	1,0,0,0
4437158	+	1,0,0,0
4437535	+	0,1,0,0
4438821	-	0,0,1,0
4440285	-	1,0,0,0
4440278	+	1,0,0,0
4446454	+	1,0,0,0
4446465	+	0,1,0,0
4447709	-	1,0,0,0
4447939	+	1,0,0,0
4453668	-	0,1,0,0
4453812	-	1,0,0,0
4453784	+	1,0,0,0
4455972	-	1,0,0,0
4455968	+	1,0,0,0
4460768	-	1,0,0,0
4464232	-	1,0,0,0
4465366	-	1,0,0,0
4465386	+	1,0,0,0
4468966	-	1,0,0,0
4470573	-	1,0,0,0
4471344	-	1,0,0,0
4472163	+	1,0,0,0
4472860	+	1,0,0,0
4476366	-	1,0,0,0
4476469	+	1,0,0,0
4477591	-	1,0,0,0
4483219	-	0,1,0,0
4484132	-	0,1,0,0
4484160	-	1,0,0,0
4483978	+	1,0,0,0
4484084	+	0,1,0,0
4488105	-	0,1,0,0
4492457	-	1,0,0,0
4492621	+	1,0,0,0
4494255	-	1,0,0,0
4494407	+	1,0,0,0
4494598	+	1,0,0,0
4498527	-	1,0,0,0
4499862	+	1,0,0,0
4501745	+	1,0,0,0
4518423	-	1,0,0,0
4529708	-	1,0,0,0
4523992	+	0,0,0,1
4526000	+	1,0,0,0
4530361	-	1,0,0,0
4536925	-	1,0,0,0
4538710	+	1,0,0,0
4539897	+	1,0,0,0
4541018	+	1,0,0,0
4549545	+	1,0,0,0
4552504	+	1,0,0,0
4554600	+	1,0,0,0
4554879	+	0,1,0,0
4557668	-	1,0,0,0
4569664	-	1,0,0,0
4570184	+	1,0,0,0
4577383	-	1,0,0,0
4577872	+	1,0,0,0
4584833	-	1,0,0,0
4584503	+	1,0,0,0
4593887	-	1,0,0,0
4597515	-	1,0,0,0
4599579	-	1,0,0,0
4603715	-	1,0,0,0
4604456	-	1,0,0,0
4605744	-	1,0,0,0
4605803	+	1,0,0,0
4606413	+	0,0,1,0
4607405	+	0,1,0,0
4609177	+	1,0,0,0
4609325	+	0,1,0,0
4610406	+	1,0,0,0
4614204	+	1,0,0,0
4619773	+	1,0,0,0
4622833	-	1,0,0,0
4622850	+	1,0,0,0
4625327	+	0,1,0,0
4628586	-	1,0,0,0
4628711	+	1,0,0,0
4631794	-	1,0,0,0
4631692	+	1,0,0,0
4633375	-	1,0,0,0
4633249	+	1,0,0,0
4633501	+	0,1,0,0
4638618	-	0,1,0,0
4638825	-	0,1,0,0
4638838	-	1,0,0,0
4638609	+	1,0,0,0
