0.0,0.00065963060686,0.997520387173
0.0,0.0145118733509,0.957654178143
0.000344589937974,0.0145118733509,0.948656737804
0.000344589937974,0.0211081794195,0.931416928768
0.000689179875948,0.0211081794195,0.931192874908
0.000689179875948,0.0224274406332,0.91943359375
0.00103376981392,0.0224274406332,0.918060898781
0.00103376981392,0.028364116095,0.908601105213
0.0013783597519,0.028364116095,0.907812833786
0.0013783597519,0.0296833773087,0.905727565289
0.00241212956582,0.0296833773087,0.894901096821
0.00241212956582,0.0362796833773,0.874719679356
0.00275671950379,0.0362796833773,0.872784793377
0.00275671950379,0.0402374670185,0.859345018864
0.00310130944176,0.0402374670185,0.858140408993
0.00310130944176,0.0468337730871,0.839816749096
0.00379048931771,0.0468337730871,0.837682843208
0.00379048931771,0.0488126649077,0.835578918457
0.00413507925569,0.0488126649077,0.833145916462
0.00413507925569,0.0514511873351,0.826155304909
0.00447966919366,0.0514511873351,0.823988318443
0.00447966919366,0.0540897097625,0.818925559521
0.00482425913163,0.0540897097625,0.818424999714
0.00482425913163,0.0547493403694,0.816370308399
0.00516884906961,0.0547493403694,0.815223574638
0.00516884906961,0.05672823219,0.813319265842
0.0065472088215,0.05672823219,0.809647798538
0.0065472088215,0.0580474934037,0.805933833122
0.00723638869745,0.0580474934037,0.805078625679
0.00723638869745,0.0587071240106,0.801372766495
0.00758097863542,0.0587071240106,0.799338161945
0.00758097863542,0.0620052770449,0.794011056423
0.0079255685734,0.0620052770449,0.79296463728
0.0079255685734,0.0639841688654,0.790695309639
0.00827015851137,0.0639841688654,0.790346622467
0.00827015851137,0.065963060686,0.785849094391
0.00861474844935,0.065963060686,0.785573780537
0.00861474844935,0.0666226912929,0.785337090492
0.00930392832529,0.0666226912929,0.783840060234
0.00930392832529,0.0672823218997,0.783276736736
0.00964851826327,0.0672823218997,0.782919287682
0.00964851826327,0.0692612137203,0.781483352184
0.00999310820124,0.0692612137203,0.780653059483
0.00999310820124,0.0718997361478,0.778560936451
0.0103376981392,0.0718997361478,0.778367400169
0.0103376981392,0.0732189973615,0.778099417686
0.0113714679531,0.0732189973615,0.775679945946
0.0113714679531,0.0751978891821,0.77401715517
0.0117160578911,0.0751978891821,0.773684203625
0.0117160578911,0.0771767810026,0.772521138191
0.0120606478291,0.0771767810026,0.771275162697
0.0120606478291,0.0778364116095,0.76913613081
0.012749827705,0.0778364116095,0.768594205379
0.012749827705,0.0804749340369,0.765223026276
0.013094417643,0.0804749340369,0.764669001102
0.013094417643,0.0817941952507,0.763620853424
0.013439007581,0.0817941952507,0.762996971607
0.013439007581,0.0824538258575,0.762329518795
0.0141281874569,0.0824538258575,0.761802375317
0.0141281874569,0.0837730870712,0.759433209896
0.0151619572708,0.0837730870712,0.757160484791
0.0151619572708,0.0890501319261,0.747821211815
0.0161957270848,0.0890501319261,0.746773004532
0.0161957270848,0.0903693931398,0.74511885643
0.0165403170227,0.0903693931398,0.744340777397
0.0165403170227,0.0910290237467,0.74425059557
0.0175740868367,0.0910290237467,0.743697166443
0.0175740868367,0.0916886543536,0.743358373642
0.0179186767746,0.0916886543536,0.742983877659
0.0179186767746,0.0930079155673,0.742626905441
0.0182632667126,0.0930079155673,0.742331683636
0.0182632667126,0.094327176781,0.74201375246
0.0189524465886,0.094327176781,0.740493416786
0.0189524465886,0.0956464379947,0.739459812641
0.0199862164025,0.0956464379947,0.737868070602
0.0199862164025,0.0969656992084,0.737345337868
0.0213645761544,0.0969656992084,0.732585072517
0.0213645761544,0.0976253298153,0.732584238052
0.0217091660924,0.0976253298153,0.732446312904
0.0217091660924,0.0982849604222,0.73217779398
0.0220537560303,0.0982849604222,0.73195964098
0.0220537560303,0.0996042216359,0.730884075165
0.0230875258442,0.0996042216359,0.729319930077
0.0230875258442,0.100263852243,0.729056715965
0.0234321157822,0.100263852243,0.725199699402
0.0234321157822,0.102242744063,0.723738074303
0.0237767057202,0.102242744063,0.723566055298
0.0237767057202,0.10290237467,0.723222911358
0.0241212956582,0.10290237467,0.722243845463
0.0241212956582,0.103562005277,0.721638143063
0.0244658855961,0.103562005277,0.720768511295
0.0244658855961,0.104221635884,0.720612943172
0.0254996554101,0.104221635884,0.719794631004
0.0254996554101,0.105540897098,0.719543218613
0.026878015162,0.105540897098,0.716900706291
0.026878015162,0.106200527704,0.716383635998
0.0272226050999,0.106200527704,0.714803338051
0.0272226050999,0.106860158311,0.712639451027
0.0275671950379,0.106860158311,0.712274610996
0.0275671950379,0.107519788918,0.712239682674
0.0279117849759,0.107519788918,0.711720824242
0.0279117849759,0.109498680739,0.708305537701
0.0286009648518,0.109498680739,0.70790719986
0.0286009648518,0.110817941953,0.707270860672
0.0292901447278,0.110817941953,0.706297695637
0.0292901447278,0.112137203166,0.705346822739
0.0296347346657,0.112137203166,0.705004811287
0.0296347346657,0.114116094987,0.702692627907
0.0306685044797,0.114116094987,0.70176333189
0.0306685044797,0.114775725594,0.701587438583
0.0310130944176,0.114775725594,0.701294064522
0.0310130944176,0.115435356201,0.700916051865
0.0320468642316,0.115435356201,0.700299739838
0.0320468642316,0.116754617414,0.699001371861
0.0327360441075,0.116754617414,0.69760209322
0.0327360441075,0.119393139842,0.696348071098
0.0337698139214,0.119393139842,0.695654988289
0.0337698139214,0.120052770449,0.695572376251
0.0341144038594,0.120052770449,0.695461332798
0.0341144038594,0.122691292876,0.694375753403
0.0344589937974,0.122691292876,0.693744659424
0.0344589937974,0.123350923483,0.692741453648
0.0348035837354,0.123350923483,0.692313075066
0.0348035837354,0.126649076517,0.69056147337
0.0351481736733,0.126649076517,0.690550208092
0.0351481736733,0.127968337731,0.68782889843
0.0354927636113,0.127968337731,0.687816202641
0.0354927636113,0.129947229551,0.686261057854
0.0358373535493,0.129947229551,0.686150729656
0.0358373535493,0.130606860158,0.686086535454
0.0365265334252,0.130606860158,0.685761630535
0.0365265334252,0.131266490765,0.68529689312
0.0372157133012,0.131266490765,0.684545516968
0.0372157133012,0.133245382586,0.68385219574
0.0375603032391,0.133245382586,0.683588802814
0.0375603032391,0.134564643799,0.682048857212
0.0382494831151,0.134564643799,0.681585371494
0.0382494831151,0.13654353562,0.680772185326
0.0385940730531,0.13654353562,0.680523693562
0.0385940730531,0.139182058047,0.679793119431
0.039283252929,0.139182058047,0.678649842739
0.039283252929,0.139841688654,0.678559541702
0.039627842867,0.139841688654,0.67851048708
0.039627842867,0.141160949868,0.676650047302
0.0403170227429,0.141160949868,0.675982713699
0.0403170227429,0.141820580475,0.675342023373
0.0406616126809,0.141820580475,0.674959599972
0.0406616126809,0.142480211082,0.674691259861
0.0410062026189,0.142480211082,0.673313200474
0.0410062026189,0.143139841689,0.672094404697
0.0413507925569,0.143139841689,0.671924948692
0.0413507925569,0.144459102902,0.671873629093
0.0420399724328,0.144459102902,0.671441257
0.0420399724328,0.145778364116,0.670465528965
0.0430737422467,0.145778364116,0.668379426003
0.0430737422467,0.14709762533,0.667873442173
0.0444521019986,0.14709762533,0.665767371655
0.0444521019986,0.148416886544,0.665561020374
0.0447966919366,0.148416886544,0.665547847748
0.0447966919366,0.14907651715,0.665358781815
0.0461750516885,0.14907651715,0.662928700447
0.0461750516885,0.149736147757,0.661825716496
0.0472088215024,0.149736147757,0.661441922188
0.0472088215024,0.150395778364,0.66090041399
0.0478980013784,0.150395778364,0.659679174423
0.0478980013784,0.151715039578,0.659370183945
0.0485871812543,0.151715039578,0.657919228077
0.0485871812543,0.152374670185,0.655559003353
0.0489317711923,0.152374670185,0.655455768108
0.0489317711923,0.154353562005,0.654543817043
0.0492763611303,0.154353562005,0.654412329197
0.0492763611303,0.156332453826,0.653141379356
0.0499655410062,0.156332453826,0.652560293674
0.0499655410062,0.160949868074,0.650396585464
0.0513439007581,0.160949868074,0.647691726685
0.0513439007581,0.162269129288,0.647089660168
0.0516884906961,0.162269129288,0.645725250244
0.0516884906961,0.164248021108,0.644879221916
0.052377670572,0.164248021108,0.644093394279
0.052377670572,0.166886543536,0.642768442631
0.053066850448,0.166886543536,0.642604112625
0.053066850448,0.169525065963,0.640470743179
0.0541006202619,0.169525065963,0.640043854713
0.0541006202619,0.170844327177,0.639389038086
0.0547898001378,0.170844327177,0.63892185688
0.0547898001378,0.171503957784,0.638813257217
0.0554789800138,0.171503957784,0.638280212879
0.0554789800138,0.172823218997,0.637176454067
0.0558235699518,0.172823218997,0.637008488178
0.0558235699518,0.173482849604,0.636960804462
0.0561681598897,0.173482849604,0.636780142784
0.0561681598897,0.176121372032,0.635953009129
0.0568573397657,0.176121372032,0.635834157467
0.0568573397657,0.177440633245,0.634786367416
0.0572019297037,0.177440633245,0.634731590748
0.0572019297037,0.181398416887,0.63228482008
0.0575465196416,0.181398416887,0.632012605667
0.0575465196416,0.186015831135,0.629653036594
0.0585802894555,0.186015831135,0.628946006298
0.0585802894555,0.187335092348,0.628622055054
0.0589248793935,0.187335092348,0.628118336201
0.0589248793935,0.190633245383,0.62653362751
0.0592694693315,0.190633245383,0.62645983696
0.0592694693315,0.191292875989,0.62607139349
0.0596140592695,0.191292875989,0.625795960426
0.0596140592695,0.193931398417,0.624247729778
0.0599586492074,0.193931398417,0.62382131815
0.0599586492074,0.194591029024,0.623503088951
0.0603032391454,0.194591029024,0.623286902905
0.0603032391454,0.195910290237,0.621941328049
0.0609924190214,0.195910290237,0.621631264687
0.0609924190214,0.196569920844,0.621444523335
0.0616815988973,0.196569920844,0.620978593826
0.0616815988973,0.198548812665,0.620482444763
0.0623707787733,0.198548812665,0.620263338089
0.0623707787733,0.199868073879,0.620109200478
0.0630599586492,0.199868073879,0.619432985783
0.0630599586492,0.200527704485,0.619323015213
0.0637491385252,0.200527704485,0.619122266769
0.0637491385252,0.201187335092,0.618864655495
0.066161268091,0.201187335092,0.617380321026
0.066161268091,0.202506596306,0.616984903812
0.0668504479669,0.202506596306,0.616580724716
0.0668504479669,0.203166226913,0.616475880146
0.0671950379049,0.203166226913,0.615364193916
0.0671950379049,0.20382585752,0.614959359169
0.0675396278429,0.20382585752,0.61463290453
0.0675396278429,0.204485488127,0.613772630692
0.0678842177808,0.204485488127,0.613729953766
0.0678842177808,0.205145118734,0.613046467304
0.0689179875948,0.205145118734,0.611763715744
0.0689179875948,0.207124010554,0.611104846001
0.0696071674707,0.207124010554,0.610255241394
0.0696071674707,0.207783641161,0.609916388988
0.0699517574087,0.207783641161,0.60961830616
0.0699517574087,0.209762532982,0.609444379807
0.0702963473467,0.209762532982,0.609415650368
0.0702963473467,0.213720316623,0.608117282391
0.0709855272226,0.213720316623,0.607585847378
0.0709855272226,0.215039577836,0.60748142004
0.0716747070986,0.215039577836,0.606510102749
0.0716747070986,0.217018469657,0.605932295322
0.0720192970365,0.217018469657,0.605538666248
0.0720192970365,0.219656992084,0.60499227047
0.0727084769125,0.219656992084,0.604409694672
0.0727084769125,0.220976253298,0.604015111923
0.0733976567884,0.220976253298,0.603665649891
0.0733976567884,0.222295514512,0.603343307972
0.0737422467264,0.222295514512,0.603190720081
0.0737422467264,0.225593667546,0.601983368397
0.0740868366644,0.225593667546,0.601529061794
0.0740868366644,0.22691292876,0.600924789906
0.0747760165403,0.22691292876,0.600779056549
0.0747760165403,0.22889182058,0.600041508675
0.0751206064783,0.22889182058,0.599896192551
0.0751206064783,0.229551451187,0.598602890968
0.0758097863542,0.229551451187,0.598004281521
0.0758097863542,0.230870712401,0.59743565321
0.0761543762922,0.230870712401,0.597204208374
0.0761543762922,0.231530343008,0.597191333771
0.0764989662302,0.231530343008,0.597190380096
0.0764989662302,0.232189973615,0.597136259079
0.0768435561682,0.232189973615,0.596847593784
0.0768435561682,0.232849604222,0.596043169498
0.0778773259821,0.232849604222,0.595106065273
0.0778773259821,0.234168865435,0.594817101955
0.078566505858,0.234168865435,0.59440767765
0.078566505858,0.23746701847,0.593533754349
0.078911095796,0.23746701847,0.593401074409
0.078911095796,0.238126649077,0.593174874783
0.079600275672,0.238126649077,0.592603445053
0.079600275672,0.240105540897,0.591587781906
0.0802894555479,0.240105540897,0.591147303581
0.0802894555479,0.240765171504,0.590511202812
0.0816678152998,0.240765171504,0.589921653271
0.0816678152998,0.242084432718,0.5895216465
0.0830461750517,0.242084432718,0.588974118233
0.0830461750517,0.244063324538,0.588005840778
0.0837353549276,0.244063324538,0.587552070618
0.0837353549276,0.244722955145,0.587492346764
0.0844245348036,0.244722955145,0.586998164654
0.0844245348036,0.245382585752,0.586497426033
0.0851137146795,0.245382585752,0.585986435413
0.0851137146795,0.246701846966,0.585807800293
0.0854583046175,0.246701846966,0.585719764233
0.0854583046175,0.248680738786,0.585430085659
0.0858028945555,0.248680738786,0.585342824459
0.0858028945555,0.249340369393,0.585284471512
0.0861474844935,0.249340369393,0.585186302662
0.0861474844935,0.25,0.585142791271
0.0864920744314,0.25,0.585090458393
0.0864920744314,0.250659630607,0.585036993027
0.0868366643694,0.250659630607,0.584858775139
0.0868366643694,0.251319261214,0.584212124348
0.0871812543074,0.251319261214,0.58381909132
0.0871812543074,0.254617414248,0.583052933216
0.0882150241213,0.254617414248,0.582334041595
0.0882150241213,0.255936675462,0.581989586353
0.0889042039972,0.255936675462,0.581550419331
0.0889042039972,0.258575197889,0.580839157104
0.0892487939352,0.258575197889,0.580070614815
0.0892487939352,0.261213720317,0.578636288643
0.0895933838732,0.261213720317,0.578195810318
0.0895933838732,0.263192612137,0.57632625103
0.0899379738112,0.263192612137,0.576236605644
0.0899379738112,0.264511873351,0.576143801212
0.0906271536871,0.264511873351,0.575966477394
0.0906271536871,0.265171503958,0.575086891651
0.0909717436251,0.265171503958,0.574632167816
0.0909717436251,0.265831134565,0.574487924576
0.0913163335631,0.265831134565,0.574375092983
0.0913163335631,0.267150395778,0.573911786079
0.091660923501,0.267150395778,0.573445081711
0.091660923501,0.267810026385,0.573137521744
0.092005513439,0.267810026385,0.5728957057
0.092005513439,0.269788918206,0.571981906891
0.0930392832529,0.269788918206,0.571568787098
0.0930392832529,0.271767810026,0.571008861065
0.0940730530669,0.271767810026,0.570576190948
0.0940730530669,0.272427440633,0.570562183857
0.0944176430048,0.272427440633,0.570435285568
0.0944176430048,0.27308707124,0.570415377617
0.0968297725706,0.27308707124,0.568383336067
0.0968297725706,0.273746701847,0.567668497562
0.0978635423846,0.273746701847,0.566923618317
0.0982081323225,0.274406332454,0.566922307014
0.0982081323225,0.275725593668,0.566712141037
0.0995864920744,0.275725593668,0.56637096405
0.0995864920744,0.277704485488,0.565330982208
0.0999310820124,0.277704485488,0.565208137035
0.0999310820124,0.280343007916,0.563749909401
0.101309441764,0.280343007916,0.56233394146
0.101309441764,0.281002638522,0.561989188194
0.101654031702,0.281002638522,0.561984539032
0.101654031702,0.282321899736,0.561916589737
0.102687801516,0.282321899736,0.561787486076
0.102687801516,0.284300791557,0.561367571354
0.103032391454,0.284300791557,0.561123430729
0.103032391454,0.28562005277,0.560905098915
0.10372157133,0.28562005277,0.560424506664
0.10372157133,0.290237467018,0.559100151062
0.104066161268,0.290237467018,0.559067547321
0.104066161268,0.290897097625,0.558812081814
0.104410751206,0.290897097625,0.558601617813
0.104410751206,0.291556728232,0.558506667614
0.105099931082,0.291556728232,0.557842969894
0.105099931082,0.292875989446,0.557496130466
0.106133700896,0.292875989446,0.556831300259
0.106133700896,0.29419525066,0.556428194046
0.108545830462,0.29419525066,0.554661154747
0.108545830462,0.295514511873,0.554314494133
0.1088904204,0.295514511873,0.554177284241
0.1088904204,0.29617414248,0.554004609585
0.109235010338,0.29617414248,0.55358761549
0.109235010338,0.296833773087,0.552643060684
0.109579600276,0.296833773087,0.552083492279
0.109579600276,0.299472295515,0.551275551319
0.111302549966,0.299472295515,0.550685286522
0.111302549966,0.300791556728,0.55009496212
0.111647139904,0.300791556728,0.550010919571
0.111647139904,0.301451187335,0.549731314182
0.111991729841,0.301451187335,0.549077987671
0.111991729841,0.302110817942,0.548824548721
0.112336319779,0.302110817942,0.548035860062
0.112336319779,0.302770448549,0.547823011875
0.113025499655,0.302770448549,0.546979665756
0.113025499655,0.304089709763,0.546845197678
0.113370089593,0.304089709763,0.5468313694
0.113370089593,0.306068601583,0.546597719193
0.114748449345,0.306068601583,0.545846164227
0.114748449345,0.30672823219,0.545640528202
0.115437629221,0.30672823219,0.545054316521
0.115437629221,0.307387862797,0.5446793437
0.115782219159,0.307387862797,0.54453843832
0.115782219159,0.308047493404,0.543946444988
0.117160578911,0.308047493404,0.543590188026
0.117160578911,0.310686015831,0.542802333832
0.117849758787,0.310686015831,0.542411148548
0.117849758787,0.312005277045,0.542060911655
0.119228118539,0.312005277045,0.541597783566
0.119228118539,0.313324538259,0.541159331799
0.119572708477,0.313324538259,0.541023075581
0.119572708477,0.314643799472,0.5403906703
0.119917298415,0.314643799472,0.539819836617
0.119917298415,0.315963060686,0.539674162865
0.120606478291,0.315963060686,0.539098262787
0.120606478291,0.316622691293,0.538669466972
0.122329427981,0.316622691293,0.537636160851
0.122329427981,0.3172823219,0.537624955177
0.123363197795,0.3172823219,0.536908686161
0.123363197795,0.317941952507,0.53655987978
0.12577532736,0.317941952507,0.535389840603
0.12577532736,0.318601583113,0.53532409668
0.126119917298,0.318601583113,0.534933030605
0.126119917298,0.31926121372,0.534575402737
0.126464507236,0.31926121372,0.534541964531
0.126464507236,0.319920844327,0.534452736378
0.126809097174,0.319920844327,0.534321546555
0.126809097174,0.321240105541,0.533882379532
0.12749827705,0.321240105541,0.533787369728
0.12749827705,0.323878627968,0.533469736576
0.128187456926,0.323878627968,0.533263146877
0.128187456926,0.326517150396,0.532356381416
0.128532046864,0.326517150396,0.532266616821
0.128532046864,0.327836411609,0.531986296177
0.12922122674,0.327836411609,0.531669855118
0.12922122674,0.329155672823,0.531066060066
0.129910406616,0.329155672823,0.530678629875
0.129910406616,0.32981530343,0.530402004719
0.130254996554,0.32981530343,0.529776513577
0.130254996554,0.331134564644,0.529096364975
0.130599586492,0.331134564644,0.529090702534
0.130599586492,0.331794195251,0.529028534889
0.131288766368,0.331794195251,0.528842568398
0.131288766368,0.334432717678,0.527601838112
0.131977946244,0.334432717678,0.527478158474
0.131977946244,0.335751978892,0.527276396751
0.133011716058,0.335751978892,0.526836395264
0.133011716058,0.336411609499,0.526352703571
0.133356305996,0.336411609499,0.526131212711
0.133356305996,0.337730870712,0.525991022587
0.133700895934,0.337730870712,0.525811910629
0.133700895934,0.338390501319,0.525808691978
0.13439007581,0.338390501319,0.525442481041
0.13439007581,0.339050131926,0.525392055511
0.135768435562,0.339050131926,0.525004088879
0.135768435562,0.339709762533,0.524744331837
0.1361130255,0.339709762533,0.524689137936
0.1361130255,0.341029023747,0.524668931961
0.136802205376,0.341029023747,0.524284780025
0.136802205376,0.341688654354,0.524235606194
0.13783597519,0.341688654354,0.523665606976
0.13783597519,0.34234828496,0.522624075413
0.138525155065,0.34234828496,0.5225456357
0.138525155065,0.344327176781,0.52179312706
0.139214334941,0.344327176781,0.521534562111
0.139214334941,0.346965699208,0.521129250526
0.139903514817,0.346965699208,0.520595908165
0.139903514817,0.348284960422,0.520424544811
0.140248104755,0.348284960422,0.520310103893
0.140248104755,0.348944591029,0.520021617413
0.140937284631,0.348944591029,0.51936674118
0.140937284631,0.349604221636,0.519073605537
0.143004824259,0.349604221636,0.517688930035
0.143004824259,0.35092348285,0.517032265663
0.143349414197,0.35092348285,0.516729056835
0.143349414197,0.352242744063,0.516490101814
0.143694004135,0.352242744063,0.516356468201
0.143694004135,0.35290237467,0.516124367714
0.144038594073,0.35290237467,0.515870392323
0.144038594073,0.354881266491,0.514922082424
0.144383184011,0.354881266491,0.513765990734
0.144383184011,0.355540897098,0.513643920422
0.144727773949,0.355540897098,0.513521075249
0.144727773949,0.357519788918,0.513219475746
0.145072363887,0.357519788918,0.513064265251
0.145072363887,0.358179419525,0.512879788876
0.146450723639,0.358179419525,0.512410998344
0.146450723639,0.358839050132,0.511933624744
0.147139903515,0.358839050132,0.511845707893
0.147139903515,0.359498680739,0.51176649332
0.148173673329,0.359498680739,0.511224865913
0.148173673329,0.360158311346,0.510605990887
0.148862853205,0.360158311346,0.509562134743
0.148862853205,0.361477572559,0.509487867355
0.149552033081,0.361477572559,0.50942927599
0.149552033081,0.362796833773,0.509288370609
0.150585802895,0.362796833773,0.508908450603
0.150585802895,0.36345646438,0.507421255112
0.151274982771,0.36345646438,0.507197082043
0.151274982771,0.364116094987,0.507074952126
0.151619572708,0.364116094987,0.506802618504
0.151619572708,0.366094986807,0.50637704134
0.151964162646,0.366094986807,0.50617647171
0.151964162646,0.366754617414,0.506083071232
0.152308752584,0.366754617414,0.50604146719
0.152308752584,0.367414248021,0.505921781063
0.15299793246,0.367414248021,0.505505681038
0.15299793246,0.368073878628,0.504699230194
0.154376292212,0.368073878628,0.503877460957
0.154376292212,0.369393139842,0.503827929497
0.15472088215,0.369393139842,0.503822863102
0.15472088215,0.370052770449,0.503737747669
0.155410062026,0.370052770449,0.503343582153
0.155410062026,0.370712401055,0.503225266933
0.155754651964,0.370712401055,0.503188788891
0.155754651964,0.371372031662,0.503113567829
0.156099241902,0.371372031662,0.503012418747
0.156099241902,0.372691292876,0.502196192741
0.156788421778,0.372691292876,0.501868665218
0.156788421778,0.37401055409,0.501424789429
0.157477601654,0.37401055409,0.501271128654
0.157477601654,0.377968337731,0.500281870365
0.157822191592,0.377968337731,0.500152647495
0.157822191592,0.378627968338,0.500058054924
0.15816678153,0.378627968338,0.499549090862
0.15816678153,0.379287598945,0.499476492405
0.160234321158,0.379287598945,0.498663067818
0.160234321158,0.379947229551,0.498567759991
0.160578911096,0.379947229551,0.498494535685
0.160578911096,0.380606860158,0.498095810413
0.161957270848,0.380606860158,0.496908277273
0.161957270848,0.381266490765,0.496656745672
0.162301860786,0.381266490765,0.496526569128
0.162301860786,0.381926121372,0.496249169111
0.164369400414,0.381926121372,0.495598077774
0.164369400414,0.382585751979,0.495372593403
0.165058580289,0.382585751979,0.495039403439
0.165058580289,0.383905013193,0.494736880064
0.165747760165,0.383905013193,0.494389086962
0.165747760165,0.384564643799,0.494021177292
0.166436940041,0.384564643799,0.49387127161
0.166436940041,0.385883905013,0.493836909533
0.167470709855,0.385883905013,0.493343114853
0.167470709855,0.38654353562,0.493282020092
0.167815299793,0.38654353562,0.492859214544
0.167815299793,0.387203166227,0.492745518684
0.168159889731,0.387203166227,0.49244004488
0.168159889731,0.388522427441,0.492212951183
0.168849069607,0.388522427441,0.492098480463
0.168849069607,0.389182058047,0.492087393999
0.169193659545,0.389182058047,0.492042779922
0.169193659545,0.392480211082,0.49027761817
0.169538249483,0.392480211082,0.489646732807
0.169538249483,0.393139841689,0.48941680789
0.169882839421,0.393139841689,0.489284455776
0.169882839421,0.393799472296,0.488950222731
0.170227429359,0.393799472296,0.4888484478
0.170227429359,0.397757255937,0.487412840128
0.170916609235,0.397757255937,0.486973404884
0.170916609235,0.39907651715,0.486651569605
0.171261199173,0.39907651715,0.486630529165
0.171261199173,0.399736147757,0.486542522907
0.172294968987,0.399736147757,0.485318511724
0.172294968987,0.400395778364,0.485061109066
0.173673328739,0.400395778364,0.484443604946
0.173673328739,0.401055408971,0.484387814999
0.174362508615,0.401055408971,0.484134703875
0.174362508615,0.401715039578,0.484089553356
0.175051688491,0.401715039578,0.483784466982
0.175051688491,0.403034300792,0.483445495367
0.175396278429,0.403034300792,0.483428001404
0.175396278429,0.403693931398,0.48331797123
0.176085458305,0.403693931398,0.482698738575
0.176085458305,0.404353562005,0.482424467802
0.176430048243,0.404353562005,0.482402652502
0.176430048243,0.405013192612,0.482181936502
0.176774638181,0.405013192612,0.482078909874
0.176774638181,0.406992084433,0.481587678194
0.17849758787,0.406992084433,0.481069773436
0.17849758787,0.40765171504,0.480974674225
0.179186767746,0.40765171504,0.480833113194
0.179186767746,0.408311345646,0.480804622173
0.179875947622,0.408311345646,0.479968219995
0.179875947622,0.408970976253,0.479951888323
0.180565127498,0.408970976253,0.479155242443
0.180565127498,0.40963060686,0.478786915541
0.182632667126,0.40963060686,0.478078663349
0.182632667126,0.410949868074,0.477954059839
0.183321847002,0.410949868074,0.477732390165
0.183321847002,0.411609498681,0.477610975504
0.186767746382,0.411609498681,0.475888699293
0.186767746382,0.412269129288,0.475777983665
0.187456926258,0.412269129288,0.475536257029
0.187456926258,0.412928759894,0.47548866272
0.188146106134,0.412928759894,0.475085586309
0.188146106134,0.413588390501,0.475010246038
0.189524465886,0.413588390501,0.474249571562
0.189524465886,0.416886543536,0.472970038652
0.190213645762,0.416886543536,0.472363442183
0.190213645762,0.418205804749,0.471961289644
0.190902825637,0.418205804749,0.47147333622
0.190902825637,0.418865435356,0.471325397491
0.192625775327,0.418865435356,0.470380991697
0.192625775327,0.42018469657,0.470337837934
0.192970365265,0.42018469657,0.47025129199
0.192970365265,0.421503957784,0.470144242048
0.193314955203,0.421503957784,0.470058202744
0.193314955203,0.422163588391,0.470006048679
0.193659545141,0.422163588391,0.469860315323
0.193659545141,0.424142480211,0.469485074282
0.194348725017,0.424142480211,0.469361662865
0.194348725017,0.424802110818,0.469344109297
0.195037904893,0.424802110818,0.468968153
0.195037904893,0.427440633245,0.468006163836
0.195382494831,0.427440633245,0.46788212657
0.195382494831,0.428759894459,0.467705577612
0.196071674707,0.428759894459,0.467600554228
0.196071674707,0.4327176781,0.466750711203
0.197105444521,0.4327176781,0.466172397137
0.197105444521,0.434696569921,0.465723544359
0.197450034459,0.434696569921,0.46548512578
0.197450034459,0.435356200528,0.465388447046
0.197794624397,0.435356200528,0.465339809656
0.197794624397,0.436675461741,0.465085208416
0.198483804273,0.436675461741,0.464782595634
0.198483804273,0.437994722955,0.4646961689
0.198828394211,0.437994722955,0.464365273714
0.198828394211,0.439973614776,0.463763922453
0.199517574087,0.439973614776,0.463497936726
0.199517574087,0.440633245383,0.463455617428
0.199862164025,0.440633245383,0.463016450405
0.199862164025,0.441952506596,0.462769508362
0.200206753963,0.441952506596,0.462564647198
0.200206753963,0.443931398417,0.461928874254
0.200551343901,0.443931398417,0.461832642555
0.200551343901,0.444591029024,0.46176430583
0.200895933839,0.444591029024,0.461647719145
0.200895933839,0.445910290237,0.461124807596
0.201585113715,0.445910290237,0.460988610983
0.201585113715,0.446569920844,0.460664987564
0.201929703653,0.446569920844,0.46048271656
0.201929703653,0.447229551451,0.460420429707
0.202618883529,0.447229551451,0.459996014833
0.202618883529,0.447889182058,0.459981441498
0.205031013094,0.447889182058,0.458750247955
0.205031013094,0.449868073879,0.458470404148
0.205375603032,0.449868073879,0.45847004652
0.205375603032,0.450527704485,0.458438068628
0.207098552722,0.450527704485,0.457272231579
0.207098552722,0.451187335092,0.456959664822
0.207787732598,0.451187335092,0.456788569689
0.207787732598,0.453166226913,0.456118136644
0.208132322536,0.453166226913,0.455899387598
0.208132322536,0.45382585752,0.455859214067
0.21261199173,0.45382585752,0.453550934792
0.21261199173,0.45580474934,0.453157454729
0.212956581668,0.45580474934,0.45287796855
0.212956581668,0.457124010554,0.452645331621
0.213645761544,0.457124010554,0.452564358711
0.213645761544,0.460422163588,0.451858073473
0.213990351482,0.460422163588,0.451847583055
0.213990351482,0.461741424802,0.451496392488
0.215368711234,0.461741424802,0.450416147709
0.215368711234,0.462401055409,0.449908226728
0.21605789111,0.462401055409,0.449882388115
0.21605789111,0.463720316623,0.449611842632
0.217436250861,0.463720316623,0.449528962374
0.217436250861,0.46437994723,0.449122339487
0.217780840799,0.46437994723,0.449010312557
0.217780840799,0.465699208443,0.44881349802
0.218814610613,0.465699208443,0.448174566031
0.218814610613,0.467018469657,0.44759991765
0.219848380427,0.467018469657,0.446944624186
0.219848380427,0.467678100264,0.446761578321
0.220192970365,0.467678100264,0.446337401867
0.220192970365,0.470316622691,0.445718616247
0.220537560303,0.470316622691,0.445628732443
0.220537560303,0.470976253298,0.445510029793
0.221571330117,0.470976253298,0.444719940424
0.221571330117,0.471635883905,0.444539219141
0.223294279807,0.471635883905,0.443855315447
0.223294279807,0.472295514512,0.443781673908
0.224672639559,0.472295514512,0.442765176296
0.224672639559,0.472955145119,0.442649036646
0.225017229497,0.472955145119,0.442625194788
0.225017229497,0.473614775726,0.442377120256
0.225361819435,0.473614775726,0.442368447781
0.225361819435,0.474934036939,0.442191213369
0.226050999311,0.474934036939,0.441828727722
0.226050999311,0.476253298153,0.441751629114
0.227429359063,0.476253298153,0.441467285156
0.227429359063,0.47691292876,0.441328048706
0.228118538939,0.47691292876,0.441175997257
0.228118538939,0.477572559367,0.440990924835
0.231564438318,0.477572559367,0.439200848341
0.231564438318,0.478232189974,0.438841223717
0.232253618194,0.478232189974,0.438309162855
0.232253618194,0.47889182058,0.438229471445
0.234321157822,0.47889182058,0.436962932348
0.234321157822,0.481530343008,0.43631708622
0.235010337698,0.481530343008,0.435858249664
0.235010337698,0.482849604222,0.435417443514
0.235699517574,0.482849604222,0.435084074736
0.235699517574,0.484168865435,0.434967696667
0.236044107512,0.484168865435,0.434866607189
0.236044107512,0.484828496042,0.43485468626
0.236733287388,0.484828496042,0.434646427631
0.236733287388,0.485488126649,0.434623450041
0.237767057202,0.485488126649,0.4344804883
0.237767057202,0.486807387863,0.434321552515
0.238456237078,0.486807387863,0.433535754681
0.238456237078,0.48746701847,0.432996183634
0.240868366644,0.48746701847,0.432066172361
0.240868366644,0.488786279683,0.431923896074
0.241212956582,0.488786279683,0.431912839413
0.241212956582,0.492084432718,0.43113130331
0.242246726396,0.492084432718,0.43046811223
0.242246726396,0.492744063325,0.430458635092
0.242591316334,0.492744063325,0.430333226919
0.242591316334,0.494063324538,0.430222272873
0.24328049621,0.494063324538,0.429913491011
0.24328049621,0.495382585752,0.429504603148
0.243625086147,0.495382585752,0.429462999105
0.243625086147,0.496042216359,0.429345399141
0.243969676085,0.496042216359,0.429276943207
0.243969676085,0.497361477573,0.429102897644
0.244314266023,0.497361477573,0.428982764482
0.244314266023,0.498021108179,0.428980052471
0.244658855961,0.498021108179,0.428894221783
0.244658855961,0.499340369393,0.428033441305
0.245003445899,0.499340369393,0.427792280912
0.245003445899,0.5,0.427633434534
0.245348035837,0.5,0.427513360977
0.245348035837,0.501319261214,0.427252024412
0.246037215713,0.501319261214,0.427136272192
0.246037215713,0.501978891821,0.427011013031
0.247760165403,0.501978891821,0.426388472319
0.247760165403,0.503957783641,0.425921976566
0.250172294969,0.503957783641,0.424287378788
0.250172294969,0.505936675462,0.423360466957
0.250861474845,0.505936675462,0.423209071159
0.250861474845,0.506596306069,0.423160046339
0.251206064783,0.506596306069,0.42274966836
0.251206064783,0.507915567282,0.422425657511
0.251550654721,0.507915567282,0.422295600176
0.251550654721,0.508575197889,0.421863019466
0.251895244659,0.508575197889,0.421708375216
0.251895244659,0.509894459103,0.421435207129
0.252584424535,0.509894459103,0.421336859465
0.252584424535,0.51055408971,0.421262145042
0.252929014473,0.51055408971,0.421249777079
0.252929014473,0.511213720317,0.421244323254
0.253273604411,0.511213720317,0.421069532633
0.253273604411,0.511873350923,0.421018511057
0.253618194349,0.511873350923,0.420918315649
0.253618194349,0.513852242744,0.419833093882
0.254307374225,0.513852242744,0.419559210539
0.254307374225,0.515171503958,0.419243514538
0.254996554101,0.515171503958,0.419032096863
0.254996554101,0.516490765172,0.418941736221
0.255685733977,0.516490765172,0.418477624655
0.255685733977,0.517810026385,0.41826030612
0.257064093728,0.517810026385,0.417711257935
0.257064093728,0.518469656992,0.417233079672
0.25844245348,0.518469656992,0.417113572359
0.25844245348,0.519129287599,0.41706314683
0.259476223294,0.519129287599,0.416388511658
0.259476223294,0.519788918206,0.416163265705
0.260509993108,0.519788918206,0.415463715792
0.260509993108,0.520448548813,0.41539862752
0.260854583046,0.520448548813,0.414952367544
0.260854583046,0.52110817942,0.414767831564
0.262922122674,0.52110817942,0.41317102313
0.262922122674,0.521767810026,0.412927508354
0.264645072364,0.521767810026,0.412123203278
0.264645072364,0.522427440633,0.411900937557
0.26705720193,0.522427440633,0.411025673151
0.26705720193,0.524406332454,0.41060936451
0.267746381806,0.524406332454,0.410325914621
0.268435561682,0.524406332454,0.410210758448
0.269813921433,0.524406332454,0.409947186708
0.269813921433,0.525065963061,0.409935235977
0.270158511371,0.525065963061,0.409752368927
0.270158511371,0.528364116095,0.409138768911
0.270503101309,0.528364116095,0.409103214741
0.270503101309,0.530343007916,0.40885129571
0.271536871123,0.530343007916,0.408497691154
0.271536871123,0.531002638522,0.40847080946
0.272915230875,0.531002638522,0.407841384411
0.272915230875,0.532981530343,0.407649964094
0.273604410751,0.532981530343,0.407568961382
0.273604410751,0.536279683377,0.406529515982
0.273949000689,0.536279683377,0.406394124031
0.273949000689,0.536939313984,0.40629401803
0.276361130255,0.536939313984,0.404941737652
0.276361130255,0.538258575198,0.404746949673
0.278084079945,0.538258575198,0.403894841671
0.278084079945,0.538918205805,0.403840392828
0.278773259821,0.538918205805,0.403782486916
0.278773259821,0.539577836412,0.403762996197
0.279462439697,0.539577836412,0.403165102005
0.279462439697,0.540237467018,0.402994960546
0.279807029635,0.540237467018,0.401649713516
0.279807029635,0.540897097625,0.401322722435
0.282908339076,0.540897097625,0.399989008904
0.282908339076,0.542216358839,0.399913430214
0.283597518952,0.542216358839,0.399860739708
0.283597518952,0.543535620053,0.399522513151
0.28394210889,0.543535620053,0.399384945631
0.28394210889,0.544854881266,0.399147927761
0.284631288766,0.544854881266,0.398861199617
0.284631288766,0.545514511873,0.398674726486
0.286009648518,0.545514511873,0.398071885109
0.286009648518,0.546833773087,0.397825151682
0.286354238456,0.546833773087,0.397669404745
0.286354238456,0.547493403694,0.397596925497
0.28738800827,0.547493403694,0.397158116102
0.28738800827,0.548153034301,0.397037744522
0.289455547898,0.548153034301,0.396432667971
0.289455547898,0.548812664908,0.396182954311
0.290144727774,0.548812664908,0.39563202858
0.290144727774,0.550791556728,0.395006746054
0.290489317712,0.550791556728,0.39486721158
0.290489317712,0.552110817942,0.394625812769
0.29083390765,0.552110817942,0.394572854042
0.29083390765,0.552770448549,0.394548982382
0.291523087526,0.552770448549,0.394512593746
0.291523087526,0.554089709763,0.394040435553
0.293590627154,0.554089709763,0.393293231726
0.293590627154,0.554749340369,0.393078297377
0.293935217092,0.554749340369,0.392784833908
0.293935217092,0.555408970976,0.392615914345
0.294624396968,0.555408970976,0.392048329115
0.294624396968,0.556068601583,0.391911119223
0.29600275672,0.556068601583,0.391175240278
0.29600275672,0.55672823219,0.39098444581
0.296347346657,0.55672823219,0.390937030315
0.296347346657,0.558047493404,0.390835165977
0.297036526533,0.558047493404,0.390555977821
0.297036526533,0.559366754617,0.390119105577
0.297381116471,0.559366754617,0.390105843544
0.297381116471,0.560026385224,0.390002369881
0.299104066161,0.560026385224,0.389468252659
0.299104066161,0.560686015831,0.389271497726
0.299448656099,0.560686015831,0.389099031687
0.299448656099,0.561345646438,0.388864666224
0.299793246037,0.561345646438,0.388807684183
0.299793246037,0.562005277045,0.388755738735
0.300137835975,0.562005277045,0.388617545366
0.300137835975,0.562664907652,0.388599544764
0.301860785665,0.562664907652,0.388249069452
0.301860785665,0.563984168865,0.388030439615
0.302205375603,0.563984168865,0.387895405293
0.302205375603,0.564643799472,0.387769907713
0.302894555479,0.564643799472,0.387649297714
0.302894555479,0.565303430079,0.387504428625
0.303928325293,0.565303430079,0.386624962091
0.303928325293,0.565963060686,0.38620942831
0.304962095107,0.565963060686,0.385824114084
0.304962095107,0.567941952507,0.385722577572
0.306685044797,0.567941952507,0.385339647532
0.306685044797,0.568601583113,0.385066747665
0.307374224673,0.568601583113,0.384837925434
0.307374224673,0.56926121372,0.384724825621
0.308063404549,0.56926121372,0.384615212679
0.308063404549,0.569920844327,0.384330421686
0.308752584425,0.569920844327,0.383966773748
0.308752584425,0.571240105541,0.383216828108
0.3094417643,0.571240105541,0.382948935032
0.3094417643,0.572559366755,0.382498055696
0.309786354238,0.572559366755,0.382152467966
0.309786354238,0.573218997361,0.382086962461
0.310130944176,0.573218997361,0.381715804338
0.310130944176,0.574538258575,0.381355911493
0.310820124052,0.574538258575,0.381160497665
0.310820124052,0.575197889182,0.380948781967
0.311509303928,0.575197889182,0.380757540464
0.311509303928,0.575857519789,0.380034774542
0.313921433494,0.575857519789,0.379121959209
0.313921433494,0.577836411609,0.378812670708
0.31461061337,0.577836411609,0.378428906202
0.31461061337,0.578496042216,0.378414154053
0.315299793246,0.578496042216,0.378358960152
0.315299793246,0.57981530343,0.377803742886
0.315644383184,0.57981530343,0.377762168646
0.315644383184,0.580474934037,0.37774771452
0.319434872502,0.580474934037,0.376504719257
0.319434872502,0.581134564644,0.376503765583
0.31977946244,0.581134564644,0.376422673464
0.31977946244,0.581794195251,0.37636128068
0.322191592006,0.581794195251,0.374740034342
0.322191592006,0.583113456464,0.374549716711
0.326326671261,0.583113456464,0.373063087463
0.326326671261,0.583773087071,0.372991025448
0.327015851137,0.583773087071,0.372923076153
0.327015851137,0.585092348285,0.372807681561
0.328049620951,0.585092348285,0.372633188963
0.328049620951,0.586411609499,0.372502684593
0.328738800827,0.586411609499,0.37224188447
0.328738800827,0.587071240106,0.37202629447
0.329083390765,0.587071240106,0.371968895197
0.329083390765,0.589050131926,0.371479332447
0.329772570641,0.589050131926,0.371122509241
0.329772570641,0.591688654354,0.370218247175
0.330461750517,0.591688654354,0.369690328836
0.330461750517,0.593667546174,0.36932900548
0.332529290145,0.593667546174,0.368458986282
0.332529290145,0.594986807388,0.368429899216
0.333907649897,0.594986807388,0.367953836918
0.333907649897,0.598944591029,0.367145955563
0.334596829773,0.598944591029,0.366732537746
0.334596829773,0.599604221636,0.36617910862
0.335286009649,0.599604221636,0.365985482931
0.335286009649,0.600263852243,0.365968614817
0.336319779462,0.600263852243,0.365713268518
0.336319779462,0.60092348285,0.365633696318
0.337008959338,0.60092348285,0.365556240082
0.337008959338,0.601583113456,0.365221768618
0.338042729152,0.601583113456,0.365172028542
0.338042729152,0.602242744063,0.365140348673
0.33838731909,0.602242744063,0.364919960499
0.33838731909,0.604881266491,0.364563584328
0.339076498966,0.604881266491,0.36429014802
0.339076498966,0.606200527704,0.363999605179
0.34011026878,0.606200527704,0.36362978816
0.34011026878,0.608179419525,0.363267183304
0.344589937974,0.608179419525,0.361281901598
0.344589937974,0.608839050132,0.360961616039
0.34527911785,0.608839050132,0.360629737377
0.34527911785,0.610817941953,0.359919309616
0.346312887664,0.610817941953,0.35969594121
0.346312887664,0.611477572559,0.359682649374
0.348035837354,0.611477572559,0.358630269766
0.348035837354,0.612796833773,0.358577311039
0.349069607167,0.612796833773,0.35816809535
0.349069607167,0.614116094987,0.357954293489
0.349414197105,0.614116094987,0.357871800661
0.349414197105,0.614775725594,0.357749670744
0.349758787043,0.614775725594,0.357494860888
0.349758787043,0.615435356201,0.357321679592
0.350103376981,0.615435356201,0.357108712196
0.350103376981,0.616094986807,0.356962770224
0.350447966919,0.616094986807,0.356885313988
0.350447966919,0.616754617414,0.356713056564
0.351137146795,0.616754617414,0.356626421213
0.351137146795,0.618073878628,0.356081396341
0.351481736733,0.618073878628,0.356019824743
0.351481736733,0.618733509235,0.355981200933
0.353204686423,0.618733509235,0.354918211699
0.353204686423,0.619393139842,0.354836076498
0.353893866299,0.619393139842,0.354769945145
0.353893866299,0.620052770449,0.354653358459
0.354927636113,0.620052770449,0.354134261608
0.354927636113,0.620712401055,0.354036420584
0.355961405927,0.620712401055,0.353729903698
0.355961405927,0.621372031662,0.353634089231
0.357339765679,0.621372031662,0.352732002735
0.357339765679,0.622691292876,0.352601468563
0.359407305307,0.622691292876,0.351853430271
0.359407305307,0.623350923483,0.351736336946
0.360096485183,0.623350923483,0.351498186588
0.360096485183,0.62401055409,0.351495444775
0.360441075121,0.62401055409,0.351471722126
0.360441075121,0.626649076517,0.35088467598
0.360785665059,0.626649076517,0.350844860077
0.360785665059,0.629947229551,0.35015630722
0.361819434873,0.629947229551,0.349857807159
0.361819434873,0.630606860158,0.349846899509
0.362508614748,0.630606860158,0.349794387817
0.362508614748,0.631926121372,0.349655032158
0.363197794624,0.631926121372,0.349251508713
0.363197794624,0.632585751979,0.349157035351
0.3638869745,0.632585751979,0.348771512508
0.3638869745,0.633245382586,0.34874907136
0.364231564438,0.633245382586,0.348678559065
0.364231564438,0.634564643799,0.348403215408
0.365265334252,0.634564643799,0.348286956549
0.365265334252,0.635883905013,0.348207950592
0.36560992419,0.635883905013,0.348197579384
0.36560992419,0.637203166227,0.347836762667
0.365954514128,0.637203166227,0.347833067179
0.365954514128,0.638522427441,0.347532629967
0.366299104066,0.638522427441,0.347427159548
0.366299104066,0.639841688654,0.347260445356
0.366988283942,0.639841688654,0.346648812294
0.366988283942,0.641160949868,0.346201211214
0.36733287388,0.641160949868,0.34617087245
0.36733287388,0.641820580475,0.346080750227
0.368022053756,0.641820580475,0.345800668001
0.368022053756,0.644459102902,0.344957023859
0.368711233632,0.644459102902,0.344639480114
0.368711233632,0.645118733509,0.344490706921
0.36905582357,0.645118733509,0.344411611557
0.36905582357,0.645778364116,0.344072818756
0.370434183322,0.645778364116,0.343501418829
0.370434183322,0.646437994723,0.343368947506
0.37077877326,0.646437994723,0.343175828457
0.37077877326,0.64709762533,0.343139410019
0.371812543074,0.64709762533,0.342638105154
0.371812543074,0.647757255937,0.34239667654
0.372157133012,0.647757255937,0.341897159815
0.372157133012,0.648416886544,0.341731876135
0.37250172295,0.648416886544,0.341689497232
0.37250172295,0.64907651715,0.34165763855
0.372846312888,0.64907651715,0.34164711833
0.372846312888,0.649736147757,0.341541051865
0.373535492764,0.649736147757,0.341114878654
0.373535492764,0.650395778364,0.341105431318
0.374569262578,0.650395778364,0.340827912092
0.374569262578,0.651715039578,0.34057661891
0.376292212267,0.651715039578,0.340068370104
0.376292212267,0.656332453826,0.339030146599
0.378704341833,0.656332453826,0.33858409524
0.378704341833,0.656992084433,0.338565886021
0.379393521709,0.656992084433,0.338320940733
0.379393521709,0.658311345646,0.337867647409
0.380771881461,0.658311345646,0.33761420846
0.380771881461,0.658970976253,0.33734858036
0.381461061337,0.658970976253,0.337148308754
0.381461061337,0.660290237467,0.336886376143
0.382494831151,0.660290237467,0.336406707764
0.382494831151,0.661609498681,0.336303591728
0.382839421089,0.661609498681,0.336283057928
0.382839421089,0.664907651715,0.335656017065
0.383873190903,0.664907651715,0.334758639336
0.383873190903,0.665567282322,0.334575891495
0.384217780841,0.665567282322,0.333766907454
0.384217780841,0.666226912929,0.333679497242
0.384906960717,0.666226912929,0.333561211824
0.384906960717,0.666886543536,0.333481132984
0.385251550655,0.666886543536,0.333435028791
0.385251550655,0.668205804749,0.333295434713
0.385596140593,0.668205804749,0.333170264959
0.385596140593,0.669525065963,0.333052992821
0.386285320469,0.669525065963,0.332820445299
0.386285320469,0.67018469657,0.332571476698
0.386629910407,0.67018469657,0.332462459803
0.386629910407,0.670844327177,0.332299262285
0.386974500345,0.670844327177,0.33206948638
0.386974500345,0.671503957784,0.331978052855
0.388697450034,0.671503957784,0.330967992544
0.388697450034,0.672163588391,0.330926805735
0.38938662991,0.672163588391,0.330726355314
0.38938662991,0.673482849604,0.330452203751
0.390075809786,0.673482849604,0.330110698938
0.390075809786,0.676121372032,0.329500496387
0.390764989662,0.676121372032,0.329153716564
0.390764989662,0.678100263852,0.328714907169
0.392143349414,0.678100263852,0.328388154507
0.392143349414,0.678759894459,0.328263252974
0.393866299104,0.678759894459,0.327917337418
0.393866299104,0.679419525066,0.327833324671
0.395589248794,0.679419525066,0.327459603548
0.395589248794,0.680079155673,0.327454000711
0.395933838732,0.680079155673,0.327447861433
0.395933838732,0.683377308707,0.326808780432
0.39627842867,0.683377308707,0.32650950551
0.39627842867,0.685356200528,0.326115548611
0.397656788422,0.685356200528,0.325006693602
0.397656788422,0.687335092348,0.324328303337
0.399035148174,0.687335092348,0.32409837842
0.399035148174,0.687994722955,0.324063122272
0.399379738112,0.687994722955,0.323977410793
0.399379738112,0.688654353562,0.323792129755
0.400068917988,0.688654353562,0.323298931122
0.400068917988,0.689313984169,0.323282331228
0.400413507926,0.689313984169,0.32322460413
0.401102687802,0.689313984169,0.32314106822
0.401102687802,0.689973614776,0.323119521141
0.402481047553,0.689973614776,0.322988569736
0.402481047553,0.691952506596,0.322837680578
0.402825637491,0.691952506596,0.322715163231
0.402825637491,0.692612137203,0.322683691978
0.403514817367,0.692612137203,0.322643995285
0.403514817367,0.69327176781,0.322634637356
0.404203997243,0.69327176781,0.322032541037
0.404203997243,0.693931398417,0.321948617697
0.404893177119,0.693931398417,0.321876853704
0.404893177119,0.694591029024,0.32184034586
0.405582356995,0.694591029024,0.321703910828
0.405582356995,0.695250659631,0.3215944767
0.405926946933,0.695250659631,0.321505695581
0.405926946933,0.695910290237,0.32146936655
0.406271536871,0.695910290237,0.321351200342
0.406271536871,0.697229551451,0.321320444345
0.406616126809,0.697229551451,0.321024090052
0.406616126809,0.698548812665,0.320618957281
0.407305306685,0.698548812665,0.320340424776
0.407305306685,0.699208443272,0.320120722055
0.408683666437,0.699208443272,0.319954663515
0.408683666437,0.699868073879,0.319914549589
0.409372846313,0.699868073879,0.319581240416
0.409372846313,0.700527704485,0.319537550211
0.409717436251,0.700527704485,0.319528400898
0.409717436251,0.701187335092,0.319362521172
0.412129565817,0.701187335092,0.318955361843
0.412129565817,0.703166226913,0.318710207939
0.413507925569,0.703166226913,0.318493515253
0.413507925569,0.70382585752,0.318341493607
0.413852515507,0.70382585752,0.318183869123
0.413852515507,0.705145118734,0.317995458841
0.41660923501,0.705145118734,0.317250818014
0.41660923501,0.706464379947,0.317202299833
0.417298414886,0.706464379947,0.316951930523
0.417298414886,0.707783641161,0.316866785288
0.418676774638,0.707783641161,0.316073149443
0.418676774638,0.708443271768,0.315988868475
0.420399724328,0.708443271768,0.315477818251
0.420399724328,0.709102902375,0.315464943647
0.421088904204,0.709102902375,0.315332859755
0.421088904204,0.709762532982,0.315052688122
0.422467263956,0.709762532982,0.314345896244
0.422467263956,0.711741424802,0.314125180244
0.422811853894,0.711741424802,0.314066469669
0.422811853894,0.712401055409,0.314057588577
0.424879393522,0.712401055409,0.313000202179
0.424879393522,0.713060686016,0.312605440617
0.42522398346,0.713060686016,0.312575399876
0.42522398346,0.71437994723,0.312458336353
0.427291523088,0.71437994723,0.311716616154
0.427291523088,0.715699208443,0.311360120773
0.427636113025,0.715699208443,0.311215847731
0.427636113025,0.71635883905,0.311097323895
0.429014472777,0.71635883905,0.310861825943
0.429014472777,0.717678100264,0.310752719641
0.429359062715,0.717678100264,0.310537219048
0.429359062715,0.718337730871,0.310532867908
0.432460372157,0.718337730871,0.30960676074
0.432460372157,0.718997361478,0.309508830309
0.434527911785,0.718997361478,0.308765947819
0.434527911785,0.719656992084,0.308597385883
0.435906271537,0.719656992084,0.308365523815
0.435906271537,0.720316622691,0.308156520128
0.436250861475,0.720316622691,0.308070540428
0.436250861475,0.720976253298,0.307768702507
0.436595451413,0.720976253298,0.307502478361
0.436595451413,0.721635883905,0.307405680418
0.438318401103,0.721635883905,0.307063639164
0.438318401103,0.722955145119,0.306949794292
0.44210889042,0.722955145119,0.305406689644
0.44210889042,0.723614775726,0.305240958929
0.443142660234,0.723614775726,0.304606437683
0.443142660234,0.724274406332,0.304602444172
0.444521019986,0.724274406332,0.304107785225
0.444521019986,0.724934036939,0.304048240185
0.445899379738,0.724934036939,0.303774058819
0.445899379738,0.726253298153,0.303635299206
0.446243969676,0.726253298153,0.303510904312
0.446243969676,0.72691292876,0.303485423326
0.446588559614,0.72691292876,0.303428083658
0.446588559614,0.727572559367,0.303398102522
0.450034458994,0.727572559367,0.301697194576
0.450034458994,0.728232189974,0.301461517811
0.451068228808,0.728232189974,0.301286488771
0.451068228808,0.72889182058,0.301253944635
0.451412818746,0.72889182058,0.301218509674
0.451412818746,0.732189973615,0.300303220749
0.453824948312,0.732189973615,0.299457103014
0.453824948312,0.734168865435,0.298879116774
0.454169538249,0.734168865435,0.2988730371
0.454169538249,0.735488126649,0.298661321402
0.455547898001,0.735488126649,0.297610491514
0.455547898001,0.736147757256,0.297600358725
0.456237077877,0.736147757256,0.297347962856
0.456237077877,0.736807387863,0.297229647636
0.456581667815,0.736807387863,0.297199964523
0.456581667815,0.73746701847,0.297097027302
0.457270847691,0.73746701847,0.297012120485
0.457270847691,0.738126649077,0.29697868228
0.459682977257,0.738126649077,0.29588919878
0.459682977257,0.73944591029,0.295743614435
0.460372157133,0.73944591029,0.295700550079
0.460372157133,0.740105540897,0.295572251081
0.460716747071,0.740105540897,0.295517086983
0.460716747071,0.740765171504,0.295091241598
0.461405926947,0.740765171504,0.294569134712
0.461405926947,0.742084432718,0.294459432364
0.463128876637,0.742084432718,0.293682664633
0.463128876637,0.744063324538,0.293296724558
0.463818056513,0.744063324538,0.293242990971
0.463818056513,0.744722955145,0.293088078499
0.465196416265,0.744722955145,0.292719513178
0.465196416265,0.745382585752,0.292708545923
0.465885596141,0.745382585752,0.292674005032
0.465885596141,0.746701846966,0.292477786541
0.466919365955,0.746701846966,0.292180866003
0.466919365955,0.747361477573,0.2921679914
0.467953135768,0.747361477573,0.291986912489
0.467953135768,0.750659630607,0.291413724422
0.471399035148,0.750659630607,0.290505766869
0.471399035148,0.751978891821,0.290135711432
0.472432804962,0.751978891821,0.289667993784
0.472432804962,0.753957783641,0.289046883583
0.475189524466,0.753957783641,0.288460075855
0.475189524466,0.754617414248,0.288438618183
0.475534114404,0.754617414248,0.288422495127
0.475534114404,0.755277044855,0.28830704093
0.476567884218,0.755277044855,0.288161158562
0.476567884218,0.756596306069,0.288034796715
0.476912474156,0.756596306069,0.287965625525
0.476912474156,0.757255936675,0.287947058678
0.47794624397,0.757255936675,0.287793874741
0.47794624397,0.758575197889,0.287694573402
0.480013783598,0.758575197889,0.287487506866
0.480013783598,0.759234828496,0.287420034409
0.480358373535,0.759234828496,0.287292420864
0.480358373535,0.759894459103,0.28721305728
0.481736733287,0.759894459103,0.286517351866
0.481736733287,0.761213720317,0.286307096481
0.482081323225,0.761213720317,0.286185353994
0.482081323225,0.763192612137,0.285601496696
0.482425913163,0.763192612137,0.285500586033
0.482425913163,0.763852242744,0.28546410799
0.483115093039,0.763852242744,0.285146325827
0.483115093039,0.765171503958,0.285009622574
0.484493452791,0.765171503958,0.284407556057
0.484493452791,0.765831134565,0.284294217825
0.484838042729,0.765831134565,0.284180223942
0.484838042729,0.766490765172,0.284118384123
0.485527222605,0.766490765172,0.284005820751
0.485527222605,0.767150395778,0.283754497766
0.485871812543,0.767150395778,0.283751785755
0.485871812543,0.767810026385,0.283642828465
0.486216402481,0.767810026385,0.283609628677
0.486216402481,0.768469656992,0.283590376377
0.486560992419,0.768469656992,0.283582240343
0.486560992419,0.769788918206,0.283231735229
0.487594762233,0.769788918206,0.282909780741
0.487594762233,0.77110817942,0.282398819923
0.487939352171,0.77110817942,0.282376289368
0.487939352171,0.772427440633,0.282083690166
0.488283942109,0.772427440633,0.281998127699
0.488283942109,0.773746701847,0.281337469816
0.488628532047,0.773746701847,0.281260848045
0.488628532047,0.774406332454,0.281061738729
0.492074431427,0.774406332454,0.279992878437
0.492074431427,0.775065963061,0.279669523239
0.49483115093,0.775065963061,0.278550744057
0.49483115093,0.775725593668,0.278449267149
0.496209510682,0.775725593668,0.277388751507
0.496209510682,0.777044854881,0.27696236968
0.49655410062,0.777044854881,0.276934146881
0.49655410062,0.777704485488,0.276773661375
0.49827705031,0.777704485488,0.276130586863
0.49827705031,0.778364116095,0.27574801445
0.500689179876,0.778364116095,0.275270164013
0.500689179876,0.779023746702,0.275221973658
0.502412129566,0.779023746702,0.274837911129
0.502412129566,0.779683377309,0.274553447962
0.502756719504,0.779683377309,0.274490445852
0.502756719504,0.780343007916,0.274210214615
0.503101309442,0.780343007916,0.274083048105
0.503101309442,0.781002638522,0.273852735758
0.506891798759,0.781002638522,0.272526532412
0.506891798759,0.781662269129,0.272290885448
0.507236388697,0.781662269129,0.27228847146
0.507236388697,0.782321899736,0.272246569395
0.510337698139,0.782321899736,0.271200984716
0.510337698139,0.782981530343,0.271118253469
0.510682288077,0.782981530343,0.271000593901
0.510682288077,0.784300791557,0.270527124405
0.511026878015,0.784300791557,0.270343273878
0.511026878015,0.784960422164,0.270150005817
0.512405237767,0.784960422164,0.269584089518
0.512405237767,0.78562005277,0.269402056932
0.512749827705,0.78562005277,0.269298166037
0.512749827705,0.786279683377,0.269265323877
0.513783597519,0.786279683377,0.268781840801
0.513783597519,0.786939313984,0.268766582012
0.514472777395,0.786939313984,0.268552422523
0.514472777395,0.788918205805,0.268445730209
0.515506547209,0.788918205805,0.268046289682
0.515506547209,0.789577836412,0.267760485411
0.516540317023,0.789577836412,0.267618358135
0.516540317023,0.790897097625,0.267537981272
0.517229496899,0.790897097625,0.267332196236
0.517229496899,0.792216358839,0.266987800598
0.519641626465,0.792216358839,0.266152113676
0.519641626465,0.792875989446,0.266117632389
0.520675396278,0.792875989446,0.265909582376
0.520675396278,0.793535620053,0.26558175683
0.522398345968,0.793535620053,0.264867573977
0.522398345968,0.79419525066,0.264681488276
0.523087525844,0.79419525066,0.264333814383
0.523087525844,0.79617414248,0.263465732336
0.523432115782,0.79617414248,0.263342142105
0.523432115782,0.796833773087,0.26333796978
0.524810475534,0.796833773087,0.262463718653
0.524810475534,0.797493403694,0.262425929308
0.525844245348,0.797493403694,0.26239284873
0.525844245348,0.798153034301,0.262354135513
0.526188835286,0.798153034301,0.262241989374
0.526188835286,0.799472295515,0.261869251728
0.529634734666,0.799472295515,0.259533703327
0.529634734666,0.800131926121,0.259428858757
0.529979324604,0.800131926121,0.259375154972
0.529979324604,0.801451187335,0.259196162224
0.531702274294,0.801451187335,0.2589225173
0.531702274294,0.802110817942,0.258811205626
0.533769813921,0.802110817942,0.257961809635
0.533769813921,0.804089709763,0.257443517447
0.535148173673,0.804089709763,0.257034033537
0.535148173673,0.804749340369,0.257016211748
0.536871123363,0.804749340369,0.256770968437
0.536871123363,0.805408970976,0.256746351719
0.537904893177,0.805408970976,0.25649780035
0.537904893177,0.806068601583,0.256091356277
0.538938662991,0.806068601583,0.255667835474
0.538938662991,0.807387862797,0.255353689194
0.539627842867,0.807387862797,0.254824310541
0.539627842867,0.809366754617,0.254357784986
0.540661612681,0.809366754617,0.254154980183
0.540661612681,0.810026385224,0.253999441862
0.541350792557,0.810026385224,0.253537029028
0.541350792557,0.810686015831,0.253534168005
0.542384562371,0.810686015831,0.253228008747
0.542384562371,0.811345646438,0.25315657258
0.543762922123,0.811345646438,0.252913206816
0.543762922123,0.812005277045,0.252685278654
0.545141281875,0.812005277045,0.252510279417
0.545141281875,0.812664907652,0.252424687147
0.546175051688,0.812664907652,0.252102255821
0.546175051688,0.813984168865,0.252051889896
0.546519641626,0.813984168865,0.251969158649
0.546519641626,0.815303430079,0.251772344112
0.548931771192,0.815303430079,0.250900775194
0.548931771192,0.815963060686,0.250484347343
0.54927636113,0.815963060686,0.250416845083
0.54927636113,0.8172823219,0.250069588423
0.549620951068,0.8172823219,0.249960482121
0.549620951068,0.818601583113,0.249944344163
0.55099931082,0.818601583113,0.249621495605
0.55099931082,0.81926121372,0.249521642923
0.551343900758,0.81926121372,0.249422341585
0.551343900758,0.819920844327,0.248796209693
0.552033080634,0.819920844327,0.248236015439
0.552033080634,0.820580474934,0.247993931174
0.553411440386,0.820580474934,0.247949928045
0.553411440386,0.821899736148,0.247862532735
0.554100620262,0.821899736148,0.24744361639
0.554100620262,0.823878627968,0.246971428394
0.555478980014,0.823878627968,0.246612727642
0.555478980014,0.824538258575,0.246487826109
0.55616815989,0.824538258575,0.246141716838
0.55616815989,0.825197889182,0.246033251286
0.558235699518,0.825197889182,0.244617015123
0.558235699518,0.825857519789,0.24434171617
0.558924879394,0.825857519789,0.244264855981
0.558924879394,0.826517150396,0.244188115001
0.559269469331,0.826517150396,0.244184821844
0.559269469331,0.827176781003,0.244127631187
0.560303239145,0.827176781003,0.243799716234
0.560303239145,0.82981530343,0.243218436837
0.560992419021,0.82981530343,0.243115752935
0.560992419021,0.830474934037,0.243019461632
0.561337008959,0.830474934037,0.242886275053
0.561337008959,0.831134564644,0.242572486401
0.562026188835,0.831134564644,0.242412135005
0.562026188835,0.831794195251,0.24240770936
0.564093728463,0.831794195251,0.241999819875
0.564093728463,0.832453825858,0.241986691952
0.564782908339,0.832453825858,0.24184012413
0.564782908339,0.834432717678,0.241352707148
0.567195037905,0.834432717678,0.240444153547
0.567195037905,0.835092348285,0.240412071347
0.567884217781,0.835092348285,0.23995450139
0.567884217781,0.835751978892,0.239856913686
0.568917987595,0.835751978892,0.239278629422
0.568917987595,0.836411609499,0.23912037909
0.570296347347,0.836411609499,0.238778024912
0.570296347347,0.837071240106,0.238706424832
0.571330117161,0.837071240106,0.238585099578
0.571330117161,0.837730870712,0.238584548235
0.57305306685,0.837730870712,0.237430244684
0.57305306685,0.838390501319,0.236984327435
0.574431426602,0.838390501319,0.236699327826
0.574431426602,0.839050131926,0.23652343452
0.57649896623,0.839050131926,0.236167922616
0.57649896623,0.839709762533,0.236165761948
0.576843556168,0.839709762533,0.236112535
0.576843556168,0.84036939314,0.235988661647
0.577532736044,0.84036939314,0.235556587577
0.577532736044,0.841029023747,0.235494717956
0.579255685734,0.841029023747,0.234993293881
0.579255685734,0.841688654354,0.234980389476
0.579600275672,0.841688654354,0.234934061766
0.579600275672,0.84234828496,0.234475672245
0.580289455548,0.84234828496,0.233955204487
0.580289455548,0.844327176781,0.23352766037
0.581323225362,0.844327176781,0.232981577516
0.581323225362,0.845646437995,0.232737451792
0.582701585114,0.845646437995,0.232422605157
0.582701585114,0.846306068602,0.232413440943
0.58339076499,0.846306068602,0.231813415885
0.58339076499,0.846965699208,0.231332689524
0.58511371468,0.846965699208,0.230878740549
0.58511371468,0.848944591029,0.230552822351
0.585802894555,0.848944591029,0.23009853065
0.585802894555,0.849604221636,0.229905501008
0.587181254307,0.849604221636,0.229654192924
0.587181254307,0.850263852243,0.229374527931
0.587525844245,0.850263852243,0.229056358337
0.587525844245,0.851583113456,0.22884811461
0.588559614059,0.851583113456,0.228423401713
0.588559614059,0.85290237467,0.228020504117
0.589248793935,0.85290237467,0.228006318212
0.589248793935,0.853562005277,0.227987632155
0.591316333563,0.853562005277,0.226556062698
0.591316333563,0.854221635884,0.226412236691
0.592350103377,0.854221635884,0.225968241692
0.592350103377,0.854881266491,0.22594858706
0.593039283253,0.854881266491,0.225621148944
0.593039283253,0.855540897098,0.225435450673
0.593383873191,0.856200527704,0.225328862667
0.593728463129,0.856200527704,0.225233376026
0.593728463129,0.856860158311,0.22498883307
0.594417643005,0.856860158311,0.224919036031
0.594417643005,0.859498680739,0.224608585238
0.594762232943,0.859498680739,0.224527269602
0.594762232943,0.861477572559,0.224209532142
0.595451412819,0.861477572559,0.223338350654
0.595451412819,0.862796833773,0.223196059465
0.596140592695,0.862796833773,0.222395718098
0.596140592695,0.86345646438,0.222263529897
0.597518952447,0.86345646438,0.221877217293
0.597518952447,0.864116094987,0.221837326884
0.597863542385,0.864116094987,0.221758887172
0.597863542385,0.864775725594,0.221575915813
0.598897312198,0.864775725594,0.221103653312
0.598897312198,0.866094986807,0.220964550972
0.599241902136,0.866094986807,0.220574751496
0.599241902136,0.866754617414,0.220527395606
0.60199862164,0.866754617414,0.219263106585
0.60199862164,0.867414248021,0.219253018498
0.602343211578,0.867414248021,0.219077795744
0.602343211578,0.868073878628,0.219063445926
0.603032391454,0.868073878628,0.218880146742
0.603032391454,0.868733509235,0.218742117286
0.60716747071,0.868733509235,0.217272982001
0.60716747071,0.869393139842,0.216700524092
0.614059269469,0.869393139842,0.213579073548
0.614059269469,0.870052770449,0.213461846113
0.616126809097,0.870052770449,0.212635233998
0.616126809097,0.870712401055,0.212360531092
0.617160578911,0.870712401055,0.212217584252
0.617160578911,0.871372031662,0.21183912456
0.618194348725,0.871372031662,0.211583778262
0.618194348725,0.872031662269,0.211516693234
0.622329427981,0.872031662269,0.208788946271
0.622329427981,0.872691292876,0.208734974265
0.623018607857,0.872691292876,0.208566129208
0.623018607857,0.873350923483,0.208357125521
0.62577532736,0.873350923483,0.207427024841
0.62577532736,0.87401055409,0.207186833024
0.62749827705,0.87401055409,0.20664960146
0.62749827705,0.87598944591,0.206155508757
0.628876636802,0.87598944591,0.205429032445
0.628876636802,0.876649076517,0.205298408866
0.629910406616,0.876649076517,0.204575613141
0.629910406616,0.877308707124,0.204210028052
0.63094417643,0.877308707124,0.203858152032
0.63094417643,0.877968337731,0.203823834658
0.631977946244,0.877968337731,0.203557819128
0.631977946244,0.878627968338,0.203553080559
0.63266712612,0.878627968338,0.203365519643
0.63266712612,0.879287598945,0.20327693224
0.6361130255,0.879287598945,0.202128455043
0.6361130255,0.879947229551,0.202047348022
0.639558924879,0.879947229551,0.201037421823
0.639558924879,0.880606860158,0.200970262289
0.640248104755,0.880606860158,0.200287461281
0.640248104755,0.881266490765,0.200186863542
0.643694004135,0.881266490765,0.199339687824
0.643694004135,0.881926121372,0.199301838875
0.645761543763,0.881926121372,0.198533460498
0.645761543763,0.883245382586,0.198155045509
0.646106133701,0.883245382586,0.197986796498
0.646106133701,0.885224274406,0.197155833244
0.647139903515,0.885224274406,0.196660071611
0.647139903515,0.885883905013,0.196577399969
0.647484493453,0.885883905013,0.19627571106
0.647484493453,0.88654353562,0.19596414268
0.651964162646,0.88654353562,0.19371406734
0.651964162646,0.887203166227,0.193699881434
0.652308752584,0.887203166227,0.193443238735
0.652308752584,0.887862796834,0.19328777492
0.653342522398,0.887862796834,0.192900985479
0.653342522398,0.888522427441,0.19272364676
0.654376292212,0.888522427441,0.192678719759
0.654376292212,0.889841688654,0.192352101207
0.655410062026,0.889841688654,0.191890761256
0.655410062026,0.891160949868,0.191782638431
0.656099241902,0.891160949868,0.191018044949
0.656099241902,0.891820580475,0.191010341048
0.656788421778,0.891820580475,0.190608471632
0.656788421778,0.892480211082,0.190502181649
0.657477601654,0.892480211082,0.190405517817
0.657477601654,0.893139841689,0.190313413739
0.657822191592,0.893139841689,0.190095841885
0.657822191592,0.893799472296,0.18983745575
0.65816678153,0.893799472296,0.189625903964
0.65816678153,0.894459102902,0.189477518201
0.658511371468,0.894459102902,0.189362823963
0.658511371468,0.896437994723,0.189049586654
0.659200551344,0.896437994723,0.188806459308
0.659200551344,0.89709762533,0.188793614507
0.662646450724,0.89709762533,0.186862036586
0.662646450724,0.897757255937,0.186824455857
0.662991040662,0.897757255937,0.186785921454
0.662991040662,0.898416886544,0.186612054706
0.667470709855,0.898416886544,0.18596534431
0.667470709855,0.89907651715,0.185960710049
0.668159889731,0.89907651715,0.185733422637
0.668159889731,0.899736147757,0.185511007905
0.669193659545,0.899736147757,0.184610024095
0.669193659545,0.901055408971,0.184547990561
0.670916609235,0.901055408971,0.184012189507
0.670916609235,0.902374670185,0.183702528477
0.671950379049,0.902374670185,0.183382734656
0.671950379049,0.903693931398,0.18329590559
0.673328738801,0.903693931398,0.182548984885
0.673328738801,0.906332453826,0.182291820645
0.67849758787,0.906332453826,0.180426865816
0.67849758787,0.906992084433,0.180377423763
0.678842177808,0.906992084433,0.180333599448
0.678842177808,0.908311345646,0.179985418916
0.679186767746,0.908311345646,0.179963752627
0.679186767746,0.908970976253,0.178978651762
0.679875947622,0.908970976253,0.1785710603
0.679875947622,0.910290237467,0.178345039487
0.680565127498,0.910290237467,0.17811730504
0.680565127498,0.911609498681,0.177812129259
0.680909717436,0.911609498681,0.177570447326
0.680909717436,0.912269129288,0.177469462156
0.682288077188,0.912269129288,0.177082329988
0.682288077188,0.912928759894,0.176897317171
0.68366643694,0.912928759894,0.176361083984
0.68366643694,0.913588390501,0.176219835877
0.686767746382,0.913588390501,0.174822121859
0.686767746382,0.914248021108,0.174789220095
0.687801516196,0.914248021108,0.174375906587
0.687801516196,0.914907651715,0.174347177148
0.688490696072,0.914907651715,0.173873767257
0.688490696072,0.915567282322,0.173873737454
0.689524465886,0.915567282322,0.17341928184
0.689524465886,0.916226912929,0.173336714506
0.6905582357,0.916226912929,0.173204243183
0.6905582357,0.916886543536,0.173064664006
0.693659545141,0.916886543536,0.171819612384
0.693659545141,0.917546174142,0.171607986093
0.694693314955,0.917546174142,0.171248868108
0.694693314955,0.918205804749,0.171247944236
0.696416264645,0.918205804749,0.170938700438
0.696416264645,0.918865435356,0.170791253448
0.696760854583,0.918865435356,0.170703291893
0.696760854583,0.919525065963,0.170683979988
0.697450034459,0.919525065963,0.170000508428
0.697450034459,0.920844327177,0.169584095478
0.698139214335,0.920844327177,0.169517174363
0.698139214335,0.921503957784,0.169472873211
0.699172984149,0.921503957784,0.168369799852
0.699172984149,0.922163588391,0.168332055211
0.701929703653,0.922163588391,0.167264282703
0.701929703653,0.922823218997,0.167141765356
0.702618883529,0.922823218997,0.167022630572
0.702618883529,0.923482849604,0.166685298085
0.708821502412,0.923482849604,0.16415168345
0.708821502412,0.924142480211,0.164138123393
0.711922811854,0.924142480211,0.163411274552
0.711922811854,0.925461741425,0.163331970572
0.713990351482,0.925461741425,0.162475526333
0.713990351482,0.926121372032,0.162428975105
0.715713301172,0.926121372032,0.161963269114
0.715713301172,0.926781002639,0.161874011159
0.716747070986,0.926781002639,0.161624416709
0.716747070986,0.927440633245,0.161518722773
0.717780840799,0.927440633245,0.161256536841
0.717780840799,0.928759894459,0.161193609238
0.718125430737,0.928759894459,0.161005318165
0.718125430737,0.929419525066,0.16073051095
0.723638869745,0.929419525066,0.159388884902
0.723638869745,0.930079155673,0.159367606044
0.726740179187,0.930079155673,0.158165559173
0.726740179187,0.93073878628,0.157836288214
0.728807718815,0.93073878628,0.156798318028
0.728807718815,0.9327176781,0.156629145145
0.730875258442,0.9327176781,0.156225025654
0.730875258442,0.934696569921,0.155208989978
0.736044107512,0.934696569921,0.154005914927
0.736044107512,0.935356200528,0.153978586197
0.739490006892,0.935356200528,0.152247026563
0.739490006892,0.936015831135,0.151846200228
0.740523776706,0.936015831135,0.15164642036
0.740523776706,0.936675461741,0.151638016105
0.741212956582,0.936675461741,0.151500985026
0.741212956582,0.937335092348,0.151470541954
0.742591316334,0.937335092348,0.150996476412
0.742591316334,0.937994722955,0.150978982449
0.744314266023,0.937994722955,0.149951711297
0.744314266023,0.938654353562,0.149752274156
0.754651964163,0.938654353562,0.146848201752
0.754651964163,0.939313984169,0.146814644337
0.754996554101,0.939313984169,0.146758213639
0.754996554101,0.939973614776,0.146697953343
0.756374913853,0.939973614776,0.146458297968
0.756374913853,0.940633245383,0.146395087242
0.758097863542,0.940633245383,0.145066216588
0.758097863542,0.941292875989,0.144949838519
0.759476223294,0.941292875989,0.144381254911
0.759476223294,0.941952506596,0.144316032529
0.760509993108,0.941952506596,0.144129604101
0.760509993108,0.942612137203,0.144104838371
0.76361130255,0.942612137203,0.142245531082
0.76361130255,0.94327176781,0.142086982727
0.76705720193,0.94327176781,0.141481950879
0.76705720193,0.943931398417,0.141462624073
0.769469331496,0.943931398417,0.140525847673
0.769469331496,0.945910290237,0.139978125691
0.772915230875,0.945910290237,0.138561561704
0.772915230875,0.946569920844,0.138555452228
0.775671950379,0.946569920844,0.137549430132
0.775671950379,0.947229551451,0.137294948101
0.776705720193,0.947229551451,0.136858582497
0.776705720193,0.948548812665,0.136664733291
0.783597518952,0.948548812665,0.134567633271
0.784286698828,0.948548812665,0.134405732155
0.784631288766,0.948548812665,0.134213358164
0.784631288766,0.949208443272,0.134199738503
0.785320468642,0.949208443272,0.133857816458
0.785320468642,0.949868073879,0.133820101619
0.787732598208,0.949868073879,0.132569134235
0.787732598208,0.950527704485,0.132478043437
0.788077188146,0.950527704485,0.131925195456
0.788077188146,0.951187335092,0.13161920011
0.795658166782,0.951187335092,0.128787845373
0.795658166782,0.952506596306,0.128613844514
0.79600275672,0.952506596306,0.128585755825
0.79600275672,0.953166226913,0.128515914083
0.802894555479,0.953166226913,0.126051679254
0.802894555479,0.95382585752,0.1260445714
0.808063404549,0.95382585752,0.124552853405
0.808063404549,0.954485488127,0.124542295933
0.811509303928,0.954485488127,0.122818991542
0.811509303928,0.955145118734,0.122670710087
0.813921433494,0.955145118734,0.122290246189
0.813921433494,0.95580474934,0.122145526111
0.81805651275,0.95580474934,0.120422899723
0.81805651275,0.956464379947,0.120297797024
0.820124052378,0.956464379947,0.119630083442
0.820124052378,0.957124010554,0.119472391903
0.82150241213,0.957124010554,0.119000174105
0.82150241213,0.957783641161,0.118948422372
0.823225361819,0.957783641161,0.118478260934
0.823225361819,0.959102902375,0.118453770876
0.827360441075,0.959102902375,0.117224790156
0.827360441075,0.959762532982,0.117031350732
0.830806340455,0.959762532982,0.116070315242
0.830806340455,0.961081794195,0.1158509776
0.831495520331,0.961081794195,0.115670375526
0.831495520331,0.961741424802,0.115655168891
0.832184700207,0.961741424802,0.115525059402
0.832184700207,0.962401055409,0.115357168019
0.834596829773,0.962401055409,0.114477485418
0.834596829773,0.96437994723,0.114338412881
0.835975189524,0.96437994723,0.113860778511
0.835975189524,0.965039577836,0.113770596683
0.836319779462,0.965039577836,0.113748028874
0.836319779462,0.965699208443,0.113432899117
0.8366643694,0.965699208443,0.113391987979
0.8366643694,0.96635883905,0.113245822489
0.838042729152,0.96635883905,0.112339787185
0.838042729152,0.967018469657,0.112323410809
0.838731909028,0.967018469657,0.112080879509
0.838731909028,0.967678100264,0.11204303056
0.841144038594,0.967678100264,0.11128411442
0.84183321847,0.967678100264,0.111228905618
0.842522398346,0.967678100264,0.110957793891
0.842522398346,0.968337730871,0.110887624323
0.843211578222,0.968337730871,0.110677078366
0.843211578222,0.968997361478,0.110578641295
0.845968297726,0.968997361478,0.109603382647
0.845968297726,0.969656992084,0.109595328569
0.846312887664,0.969656992084,0.10958699882
0.846312887664,0.970316622691,0.109576627612
0.847346657478,0.970316622691,0.109280727804
0.847346657478,0.970976253298,0.109081178904
0.849069607167,0.970976253298,0.108598269522
0.849069607167,0.971635883905,0.108136102557
0.849758787043,0.971635883905,0.107968144119
0.849758787043,0.972295514512,0.107962228358
0.851481736733,0.972295514512,0.107489362359
0.851481736733,0.972955145119,0.107437774539
0.852515506547,0.972955145119,0.106452286243
0.852515506547,0.973614775726,0.106244772673
0.853204686423,0.973614775726,0.10605084151
0.853204686423,0.974274406332,0.105981126428
0.859751895245,0.974274406332,0.104172155261
0.859751895245,0.974934036939,0.104110099375
0.865954514128,0.974934036939,0.102026417851
0.865954514128,0.976253298153,0.101892866194
0.871467953136,0.976253298153,0.0994701460004
0.871467953136,0.97691292876,0.0994426012039
0.876636802205,0.97691292876,0.097476311028
0.876636802205,0.978232189974,0.0973903760314
0.881461061337,0.978232189974,0.095348007977
0.881461061337,0.97889182058,0.0952676236629
0.886285320469,0.97889182058,0.0934339016676
0.886285320469,0.979551451187,0.0931165441871
0.88938662991,0.979551451187,0.0921975597739
0.88938662991,0.980211081794,0.0921826139092
0.894900068918,0.980211081794,0.0897065997124
0.894900068918,0.980870712401,0.089670650661
0.895933838732,0.980870712401,0.0894447788596
0.895933838732,0.981530343008,0.0892743989825
0.896623018608,0.981530343008,0.0887270644307
0.896623018608,0.982189973615,0.0886548385024
0.897656788422,0.982189973615,0.0884103700519
0.897656788422,0.982849604222,0.0883163288236
0.899035148174,0.982849604222,0.0879744663835
0.899035148174,0.983509234828,0.0875085070729
0.905926946933,0.983509234828,0.0852650702
0.905926946933,0.984168865435,0.0852136984468
0.909028256375,0.984168865435,0.0841953456402
0.909028256375,0.985488126649,0.0840737968683
0.909717436251,0.985488126649,0.0838429480791
0.909717436251,0.986147757256,0.0837334915996
0.914541695382,0.986147757256,0.0813168510795
0.914541695382,0.986807387863,0.0811757445335
0.917987594762,0.986807387863,0.0800201296806
0.917987594762,0.98746701847,0.0799448266625
0.9183321847,0.98746701847,0.0799258872867
0.9183321847,0.988126649077,0.0791224986315
0.92005513439,0.988126649077,0.0784942656755
0.92005513439,0.98944591029,0.0783387497067
0.920399724328,0.98944591029,0.0781938284636
0.920399724328,0.990105540897,0.0780610367656
0.922467263956,0.990105540897,0.0773927792907
0.922467263956,0.990765171504,0.0772495791316
0.922811853894,0.990765171504,0.0772012248635
0.922811853894,0.991424802111,0.0767756700516
0.92522398346,0.991424802111,0.0753282085061
0.92522398346,0.992084432718,0.074936747551
0.926257753274,0.992084432718,0.072946883738
0.926257753274,0.992744063325,0.0729029998183
0.92694693315,0.992744063325,0.0724830031395
0.92694693315,0.993403693931,0.0722566470504
0.929014472777,0.993403693931,0.0719012394547
0.929014472777,0.994063324538,0.0718174427748
0.931771192281,0.994063324538,0.071131400764
0.931771192281,0.994722955145,0.070659853518
0.934872501723,0.994722955145,0.0687359720469
0.934872501723,0.996042216359,0.0681117102504
0.939352170917,0.996042216359,0.0656231045723
0.939352170917,0.996701846966,0.0654290914536
0.944865609924,0.996701846966,0.0620849169791
0.944865609924,0.997361477573,0.0620366223156
0.949689869056,0.997361477573,0.0572645328939
0.949689869056,0.998021108179,0.057217579335
0.951757408684,0.998021108179,0.056131195277
0.951757408684,0.998680738786,0.0559794045985
0.972088215024,0.998680738786,0.0427615903318
0.972088215024,0.999340369393,0.0426180660725
0.973466574776,0.999340369393,0.0417467877269
0.973466574776,1.0,0.0415145978332
0.985527222605,1.0,0.0341187119484
0.986216402481,1.0,0.0341040790081
1.0,1.0,0.00652315141633
